10000
5224 1864
581 4623
7826 8265
5291 4001
9961 9951
4855 6701
9787 3068
5664 9476
8632 686
131 8467
4169 3148
6954 8183
4508 1789
7299 3348
6663 3162
8813 8621
3220 7561
2085 8028
8211 805
8557 7049
2847 2383
678 1113
8023 6877
3314 4698
7581 1831
151 1955
2080 3398
1015 749
9237 7467
9216 2765
4687 1302
2099 9479
2354 8662
4051 5016
6016 8550
8946 7778
9236 935
2146 3785
9178 1001
5794 2082
8236 9783
1884 6740
8897 3787
8222 2826
4331 2763
9407 2921
4402 5736
7254 8432
4300 7549
2988 8023
2928 9723
4859 3440
7564 4014
9808 8520
8306 2033
8454 1813
1629 7616
7173 5637
3431 6798
582 2109
6789 7582
3508 7918
2892 8314
7733 1586
4527 4755
4117 3421
7171 8773
4445 8213
4924 1021
7240 3111
2687 9894
1911 9371
8354 4306
7833 1332
6675 6171
4468 7247
241 8824
1027 3828
4490 1269
5679 4711
4326 2022
9889 6003
5557 604
4824 4804
1924 1676
5216 7408
567 2575
1874 2193
3085 7120
4790 9812
6916 3922
3123 2883
4958 2495
4566 7937
3026 2730
332 3008
2186 7333
2214 764
8474 5466
5798 9656
8593 1432
5306 7628
3474 1141
6014 8921
2653 7562
5722 8173
7125 5674
8027 7987
711 9444
1461 3884
111 1562
5758 269
5170 1877
9047 6665
795 265
5400 7614
6418 2447
9032 8780
2268 4822
3805 4331
6582 9314
389 8671
5992 6499
2464 6381
4026 596
5555 4605
5307 5081
5945 892
9124 3451
9443 98
3762 7474
7220 6280
2021 2075
6807 4046
7457 3702
1714 9784
2190 8788
6322 8406
6455 1065
6489 9733
7876 5917
5556 3150
3312 6578
3375 1964
7000 9058
5147 2829
5253 5101
4370 3375
5899 4627
7184 1857
200 3258
4068 8853
4078 1408
1919 9980
1136 6867
2697 402
6835 6740
9298 4745
2122 8983
5189 7571
7046 6992
4314 4098
7167 8556
4622 749
7346 3033
8975 4251
5611 4081
2842 671
3848 7975
2276 6809
5141 8178
1682 8182
7144 1585
3618 8614
9726 651
560 8389
3714 8221
4961 2965
5106 9707
5725 7351
3112 3332
1038 5233
5359 9557
4811 6235
6148 6019
5920 5939
6994 2956
9301 8946
1566 4560
4863 6191
2284 5115
7967 4662
2177 161
4442 2105
6201 1515
8968 3316
9549 2142
4242 1694
6452 7977
522 3790
4327 7966
5466 6433
6070 5797
9254 8871
3058 3431
3099 2721
8280 6236
6336 7309
3368 3298
792 9735
9127 7180
5779 9905
7489 7923
9125 7055
1093 2483
8923 4458
3848 9652
7435 1586
9506 9347
7539 6071
6988 1478
858 7153
6773 5410
2543 2055
7722 3335
7808 2279
1568 2216
182 885
1246 5691
8271 5827
6411 4072
3316 9494
1909 3682
9189 8806
1179 9687
9554 885
5849 8332
5416 1867
9882 5293
7899 750
6481 2925
592 4921
1837 8598
4701 3194
5102 4646
9545 280
6512 5775
8812 1751
1438 1564
2616 8324
7481 5768
2464 190
1799 7996
6303 5888
9615 6062
3825 287
8699 6451
6606 8486
6337 7333
378 6023
8853 8115
8865 4588
254 2424
1865 4211
41 8851
5321 4105
8733 1754
3745 9504
7996 6210
8020 4455
4762 7399
1956 2904
2634 8105
364 5685
7198 4964
231 1552
3947 3557
1323 8999
6259 7520
3515 2331
9905 8934
261 1729
2246 5949
5518 2321
6861 2831
6408 1381
8308 9690
9339 7227
1084 1766
9795 4314
9088 8663
2220 7387
3825 671
6555 3277
7304 6352
333 5363
9054 6259
8156 9688
9114 9082
4755 399
9258 3622
3806 7197
912 8675
1070 1995
8443 1794
4292 175
2682 4398
410 5686
6844 785
4189 9872
6578 9042
9439 3545
7608 6611
9645 9092
6691 6496
7542 5239
8978 70
8924 4081
6449 8544
1378 4698
943 2479
6445 2649
9704 5989
2571 7498
7768 2772
8618 5526
2712 6088
643 533
416 5905
9965 2095
1303 6954
2520 5006
3336 4047
9763 2797
8142 7941
6911 405
6213 5075
9027 9854
3995 3344
4277 6266
8118 955
6474 1771
1635 2193
4069 3196
1967 5903
7450 59
2252 371
3074 574
142 9951
4320 8593
9993 8617
558 2280
8364 2088
7503 2666
5532 2415
2887 8860
7416 8886
1234 3257
4230 8245
8764 9906
5324 986
9928 5976
4945 1882
6603 7934
9090 4268
3449 8424
7395 4248
5867 9174
5904 1594
4104 36
3489 4652
854 1824
7216 3229
1041 1460
7890 2138
8163 4546
9816 7866
7195 999
1538 5325
6968 623
1011 8946
5728 4066
9414 9085
6976 2256
6752 6727
44 248
9203 9571
1218 5576
5084 5731
8346 369
4546 4823
8205 7752
3987 4748
7635 5777
5318 2374
7393 8112
1252 2028
9343 440
400 449
9351 4247
6255 4058
8077 4976
6091 4837
9228 2348
4311 3871
5176 6015
9484 1449
1236 4451
4899 5908
3021 4091
5931 8961
456 538
5341 3399
6672 5475
5152 2428
2897 6355
4100 8477
2378 3554
7792 5893
2040 8121
5107 7052
2956 4287
6639 7248
9704 8718
9762 2088
4936 7717
9566 5209
2970 243
1212 4655
4517 29
9161 5058
5784 6248
1159 5388
699 621
4463 2518
2842 8457
6045 1431
6608 2019
6454 9168
3425 311
394 9856
4340 6084
8074 2339
1682 3716
6603 3138
1017 3287
1536 5522
1592 5734
7828 8619
6852 8146
9151 999
6885 3095
6251 1294
3843 5241
266 1594
6077 9173
9193 6807
3465 699
1573 1327
7941 4556
7887 7968
2971 6044
7204 8437
6918 9888
2416 685
2113 3524
7151 645
6594 700
9548 9802
1619 9283
5733 7571
2199 3431
7089 2332
6450 8249
1228 8701
7499 7320
6713 1870
1799 5793
7804 4830
9240 9295
4019 6835
284 8794
629 5199
5752 843
859 2841
4728 9573
9340 8650
8705 1563
3480 7473
4995 3899
5865 3101
7096 5316
7582 5556
131 3154
9113 4184
5814 6626
9747 6418
8559 5365
6724 8828
2388 7029
8745 4790
6477 9910
917 9434
2906 5069
4752 7279
7282 5458
2572 9089
6111 4820
4517 3013
5253 1857
2945 3506
3227 5147
3971 651
9345 1894
948 1538
4114 5491
3267 3677
2162 8647
7981 4823
6686 2174
7128 7429
7992 7239
4934 5981
8140 6548
6454 4550
1767 7799
2938 6152
943 8958
9909 5148
6118 5377
2382 29
5636 3006
8763 8417
6199 4691
476 7014
3553 7816
1880 8620
9658 954
4443 6986
8086 8816
2292 815
7500 454
6950 8211
527 6560
9080 4622
2304 1931
9804 4457
9437 1632
6989 9355
6519 4438
4369 8968
7995 4479
2574 7821
4313 4418
4225 1755
7871 4192
5866 3573
1209 400
9686 5402
7592 2508
4421 257
9763 2583
270 6818
5161 5352
6093 8679
4883 9366
1185 8654
891 206
2890 8319
1048 2360
6440 3384
6423 8620
5804 8700
6778 1070
43 4910
5749 9329
4264 4549
6882 1322
9751 7440
8350 2282
9097 7672
4913 7808
8984 632
7887 3562
645 4984
6543 908
4608 8572
2440 6411
4687 7352
9709 3820
2396 2289
9118 2226
4855 3260
9869 2006
729 7089
3056 1495
6607 8832
1704 9959
5199 9461
4938 9636
3373 9593
5015 6552
9494 5065
3702 173
1747 6108
956 4759
2477 2388
8217 8411
663 2992
9448 471
9555 9880
522 7422
3093 2599
2191 2903
651 5264
1848 1031
7482 6655
6872 1241
9724 2720
1855 8388
5243 9529
5480 94
4462 9052
8531 8686
4630 4225
7197 1045
3011 2278
3561 367
2677 2219
5438 9825
6230 1928
2924 2434
2039 6714
8450 1004
3792 770
121 1054
6129 87
2197 8582
2919 1083
305 8265
8916 6323
6117 4042
5040 4165
5746 2477
5027 8744
1040 1574
5494 2015
3759 7640
3475 1200
4157 6691
3354 5648
7129 8127
3995 2191
9559 9981
7412 4617
4411 4963
9385 9623
42 395
3755 3635
3168 8938
8622 4049
3947 1311
7999 2514
3557 6328
163 737
3332 8790
26 2133
2067 1333
7189 4903
750 7916
3219 4644
6377 8550
3536 9642
3358 868
4219 4301
1505 8514
5465 9026
3681 1192
1137 8270
7158 517
8134 2015
6533 2497
5777 2617
4858 2479
4287 1386
3719 6370
1424 887
3805 4340
959 1443
9409 339
9750 4686
5839 8984
4274 3842
7540 6305
6779 5010
9530 1748
2559 4625
2308 8264
6739 2709
5842 5122
0 9800
1570 2439
8598 7003
837 9793
3421 4428
3693 8883
8668 3853
1579 754
679 4765
5255 933
2778 8943
8197 3625
2516 5004
3558 6055
159 9019
7482 3766
6701 9599
3382 8663
87 6524
2158 6630
4609 6464
3406 7584
552 9333
6676 6742
7896 1046
7373 5385
1413 1562
3058 1576
7369 8142
9390 2514
9122 437
2616 2138
1885 5541
7743 107
8360 2197
4133 7703
6632 5217
957 9882
3060 343
9411 9341
8445 2083
7767 1574
4320 4603
4031 1036
2259 2137
3949 1095
7773 5966
3452 3006
3362 7925
5150 8877
1757 3949
7129 8058
5040 3010
4735 6308
4546 1222
3132 1012
9568 8498
7712 7178
2510 4022
53 5817
1471 8525
173 4302
2490 3541
7893 8346
9017 3156
2305 788
2444 2863
2161 7023
9399 3081
5601 4507
5974 3983
9803 273
3770 1929
7886 5813
9744 5869
4165 1653
4990 5223
6001 7177
2264 9128
8238 4876
1193 4060
3744 3592
2428 9751
7368 2176
9547 2512
1378 1729
6890 1728
7272 474
4362 3220
9362 9756
882 3023
2519 8425
7652 8249
9367 5403
4438 4000
1263 6727
9630 963
5336 9601
5694 357
6531 8509
2377 2138
9946 6043
9800 1998
7678 336
9958 4549
5233 836
7810 8589
2999 9736
6460 8707
7080 3183
2862 3727
7507 6505
4931 548
6793 8499
4890 4561
7353 124
6247 3714
8144 7850
7788 9946
3933 1491
2787 3902
475 9356
4048 3781
4784 2898
3187 4327
9056 8753
6981 743
2882 7211
2605 7077
4695 3946
1760 4782
5796 6942
436 3336
3647 9754
8585 4039
860 1539
6198 5203
9249 1038
3096 4003
5233 730
406 4441
8151 34
3153 1255
6984 219
4603 6006
2987 9521
796 281
4308 2456
4659 7635
4504 2283
4826 6131
265 7300
6807 9691
7512 8461
6942 7659
7585 5896
7555 5935
2020 5943
9556 3943
5184 2605
63 4124
9312 1249
695 3254
1469 8662
4972 7625
2056 4273
5252 6137
6274 4222
9451 9293
8601 5981
915 2209
405 2283
128 6864
5525 7540
2263 383
1395 5619
5273 8044
9859 9160
5788 4784
4362 7087
2030 6003
1444 8572
7973 5733
4714 2456
9837 3036
8089 9781
2642 114
6433 8207
4400 8846
9811 1034
1047 6185
9092 4482
138 9752
5139 9789
9333 8005
229 3389
8259 9086
5974 7300
1562 1312
481 585
4039 6469
6044 9103
3954 9292
9844 3273
6125 5302
5134 3940
3060 6152
3981 7518
2202 5087
6276 9805
4888 1251
9341 8604
1123 2076
6442 1814
3998 8918
2729 9779
3538 3828
7463 4486
6959 5294
7387 6440
9140 8730
3890 6552
2353 5173
7542 3204
2737 3205
3445 2727
742 9035
8425 2930
821 3846
9799 8814
3032 7858
1379 8619
9589 1054
4850 6103
2206 4674
6221 5470
6018 6685
1289 4300
1183 7948
9613 4728
130 2687
1298 6350
294 5274
4320 129
9684 5374
3173 2850
6525 5006
515 9552
3575 9333
5223 5063
7751 5744
8691 3182
8369 474
6860 1102
9816 8223
2570 8832
8416 4339
8207 8033
8335 680
2300 4178
3688 1437
6997 2568
687 1890
3016 3882
8178 6460
5311 7191
7029 6126
489 2248
2979 1797
6748 9946
5939 1472
1276 6893
1859 5234
6702 4315
2124 5905
1981 6526
5495 2555
8025 5744
4781 2085
6385 8831
6144 5295
4626 282
6006 9194
2905 4947
9354 9564
2685 135
3503 829
2078 5758
2645 7576
2367 9750
9825 7013
685 8610
9750 8486
8071 3698
6221 709
8922 2118
1371 7489
3900 1141
8996 1022
8052 1992
6460 6268
3447 6146
4880 259
5049 620
7652 7071
451 2738
7933 5403
129 7268
8085 4885
7870 9399
1570 732
1400 7900
7137 897
8518 8038
8698 3293
2107 3240
7340 5387
1556 8772
1790 2870
6528 9618
4588 9192
2192 3500
2652 966
5721 199
2323 1949
1479 5740
7122 4132
1198 658
2719 4368
5418 7603
9739 8160
5566 6885
9459 6977
4708 7013
6854 6076
9122 9735
7632 7814
5287 7997
5220 2873
9060 978
9843 3525
8600 522
859 4144
1742 5860
8489 7067
9277 2808
8604 7246
821 8213
9214 7705
177 7167
1368 4050
3459 2988
3694 7317
3311 8028
5929 1898
7903 3014
3590 9858
895 8308
3164 4682
1231 597
2803 4914
280 6287
5332 617
2871 1409
987 7782
8044 4548
3760 6671
1266 3955
8462 793
2283 2810
5873 5636
276 7008
5969 8411
2661 896
1220 1825
3646 1309
7831 7747
828 3593
7600 255
2699 9905
6104 2057
1523 7630
4118 8654
9408 7854
8488 8874
978 7116
8554 3965
8021 6123
6070 3227
1634 3695
4898 2562
759 5426
9338 8058
6950 5048
629 7569
6938 9967
5168 7482
7182 6448
7757 2161
7640 6403
352 6842
7600 473
635 5524
2701 5194
1823 8922
7491 5632
5037 9223
2017 6508
2618 7120
1253 5772
2671 2236
2972 1628
4383 6901
2650 5802
1420 7918
1231 99
7949 4943
9616 6690
6221 9993
5002 6148
3935 9056
2028 7724
9385 6211
2584 9909
1653 1010
2532 8219
5544 4587
9607 3067
62 1877
4281 9081
1858 6589
7557 7395
8529 1282
7654 6954
7341 4193
7096 9213
5854 7647
4550 9458
7077 3842
7659 5543
7689 9448
5292 7206
8508 5124
2236 1302
206 3627
505 8197
8704 7820
7180 5618
4706 1628
8372 8877
1280 4479
2310 6344
8222 9598
7351 2228
8614 8916
2134 1467
7212 1136
4734 9226
5486 489
7274 3590
6163 7279
3488 4585
2945 3730
1957 3317
7468 2079
7926 9834
4419 3189
3326 8520
1292 6052
1563 3758
9635 3094
5402 5140
612 4864
3158 2846
9625 4588
8192 8517
2296 1555
1736 8763
3307 2220
9300 162
3598 2922
6510 8688
6737 657
7210 2939
3741 5225
7896 1054
4736 7904
5698 1538
7741 7566
6702 4600
7668 703
2215 3298
2396 8652
3450 7800
2831 5698
4250 1712
5948 6638
3603 8768
7461 7087
3072 4098
6300 5749
6730 3058
4682 4558
9538 9253
8075 561
5039 3068
7219 9948
2591 959
8529 7531
3201 9843
6290 4701
7952 1618
876 9010
2336 6289
2838 6931
3734 7151
2044 4444
5978 5839
1758 5129
6386 5592
4831 4366
3025 4348
8769 8673
2570 6332
7847 3738
8252 7998
7196 2272
5087 2671
5974 1995
6676 8120
3899 5725
4719 2657
5240 5292
5567 146
6920 5311
117 6903
8089 3482
3111 6074
1984 2049
1482 559
4813 1077
570 736
7911 9969
8862 6910
2955 9983
638 2144
8593 8285
7051 3591
8308 3236
3159 3591
5180 8189
6853 6295
6016 1532
3753 5029
2335 2546
2670 6461
6320 858
9029 4515
7053 1658
3730 3095
3273 8288
5079 8653
1473 6577
2749 4771
1304 2740
1184 6244
4218 6600
2688 1802
7856 7957
419 2477
3684 322
1934 6690
646 1998
7816 5474
8572 1365
2316 1980
1602 7712
9438 4994
8543 9843
1875 8610
780 5200
2637 3360
2838 2365
4669 8820
4616 9544
5673 5918
5257 1699
2686 991
4663 438
3019 937
7461 1009
827 2347
3905 2054
6505 3592
6094 1549
5075 6384
5790 8842
5598 1581
1299 5338
5489 8677
9046 1893
7023 6983
7542 6035
4987 8807
1786 6742
7198 415
870 9327
1252 1781
5257 5595
4829 342
4942 9363
7031 1338
5845 5879
8508 3270
6678 2511
7618 6067
3065 5655
700 9496
5411 3111
1315 9811
1380 868
9129 8534
7726 6261
9355 9177
9735 8849
4975 5082
3453 8722
9254 1744
2759 4354
1731 5655
2421 1107
5639 9189
9850 7083
361 632
410 2540
5243 3504
2069 9464
5208 3239
5824 2835
641 6436
7900 2788
9611 6885
7795 9601
6135 7437
52 5129
5284 9974
6952 428
5521 1367
3274 3482
3710 5533
1708 9472
5376 4750
1216 5240
8867 4824
1420 1273
998 1406
9588 6086
2333 2016
8810 783
2010 3987
8050 1461
4960 8770
1049 9664
9330 5314
8772 8723
842 7439
8867 6344
3655 1716
1839 4575
53 755
2992 7697
2117 5905
2212 4393
4941 8073
1475 7673
9611 8677
214 1923
3931 5398
7497 9316
4018 1442
8387 5847
5329 2393
1823 4985
8858 7001
2107 8619
1893 7520
4171 8584
1839 2874
3565 8640
7625 3144
6132 4495
2552 6092
4631 1877
6637 3317
3044 6996
4946 5733
6076 2785
4654 5985
7829 399
3797 5373
449 7214
6055 7038
6036 3647
5699 4390
527 469
4160 7375
6003 3409
7357 9235
8026 7088
6767 4022
103 1133
128 5413
9206 2834
7166 4270
4993 6765
9060 5888
646 4713
8863 4452
2799 5435
6340 2264
5154 3963
8240 9081
8590 556
2425 5199
6009 2154
13 3510
4984 5127
182 4724
3851 3714
4371 3190
8726 8875
8283 9770
305 7150
626 4079
1303 7944
4552 3543
2778 2674
5534 8783
6630 424
9300 7685
5657 5597
1755 5563
8293 5245
5145 4198
8578 6917
6161 5666
3096 9916
4026 619
6486 7037
1324 3568
5634 7472
4020 1947
435 3182
1545 3335
1216 3242
1133 8848
420 3111
479 551
6170 9117
3528 2659
1109 1694
7969 150
4299 8673
9586 5926
1161 8331
4494 9220
6057 2116
5308 9893
2404 7243
2572 8315
5592 8426
4021 3561
9337 7592
2725 2123
7295 8046
5096 6321
1776 9622
418 4108
2462 748
2763 5310
4509 7208
3847 8614
8984 1953
5455 8267
1527 7148
4234 6619
4449 2120
7653 656
1086 3046
9353 4888
4238 9688
8622 7218
9584 8156
9654 5547
4135 8441
7541 9771
3176 4736
5313 4621
7574 9737
8029 750
3508 9189
3997 2170
7774 8204
500 2335
2357 6232
6238 9465
8943 1541
5511 3164
8385 5772
3697 4788
5397 639
6781 3106
3601 3624
6722 8407
2492 33
6276 3079
2645 7989
2427 5802
6477 2111
9146 8905
3062 7537
3026 4313
3378 8637
3206 7267
6846 8838
8338 9982
6496 228
4811 6651
5924 8763
2903 9244
9531 552
4015 3556
6517 506
25 3721
2455 1631
4274 8901
7251 1730
6557 4580
8450 6300
4689 6386
2695 8650
1477 665
7354 8652
1161 3337
3899 2397
6884 24
3560 9819
4324 9628
7416 4003
8154 5386
1729 3352
2446 7821
9777 1824
9821 7611
4143 6191
9519 2222
6472 9986
9376 4468
5861 7120
4976 483
389 3823
9608 3331
5138 3332
6488 8477
5907 1513
3644 9812
6223 5160
1221 9977
7112 6016
6701 1606
4699 2254
501 5941
1281 6651
1021 5087
9459 4228
9547 7865
4266 6132
6383 3646
1128 6927
6867 7598
3685 3955
5064 6636
5661 2671
9555 4375
4267 5401
4965 5317
4315 1096
1794 8219
7442 9245
519 3841
1099 8710
4019 860
9391 3926
2920 2637
910 8168
4996 1002
93 7265
7788 1702
7915 9241
7987 2657
2952 9418
5734 955
147 8889
6755 8160
356 429
1445 5263
1851 4603
5082 8521
2761 4460
8837 4509
8628 7218
477 1443
1071 3
7380 5508
1399 3609
2867 1660
9256 1569
2079 9039
5805 5210
7985 1999
4862 422
2222 8102
8893 7847
263 9635
9436 1808
3065 6652
2024 1737
2699 4086
5943 9112
7185 3869
1036 5081
8034 9531
1898 8880
9386 8689
1549 6745
2949 4583
9732 4984
6856 2607
1995 3325
7948 3993
602 5065
9029 9892
7327 955
5562 9093
5396 9746
6622 922
8946 7471
9443 6920
3076 4263
2936 9258
7193 8382
9421 2901
7767 2121
3887 5663
5670 5445
6771 3028
3858 2935
4314 6613
148 7179
779 2553
7473 928
9100 4169
1002 7239
2544 1694
9963 9022
7068 9317
2348 9389
893 3168
6876 9275
4262 8260
2101 9182
1904 8244
1293 3477
3399 2251
7437 9706
4949 2798
9411 1805
799 2976
56 6706
1260 5465
4737 1605
3951 5050
5603 3336
8925 6678
4008 2516
4070 4541
9419 9079
6148 6301
9987 565
3992 3924
820 9295
5909 4663
3042 6641
2151 7578
7825 8839
8354 4757
1369 6562
4767 1645
1743 8123
52 6287
2872 9714
3013 3433
7629 6889
1375 2896
3989 1724
7177 1695
1763 5496
6601 7277
7437 5413
381 7992
8564 3218
673 6597
1932 5010
1647 6405
5459 3755
9793 6511
465 7536
2393 8883
4467 4345
8536 1439
8045 821
6000 7929
9924 9365
9859 9699
9357 5844
4603 7943
7630 9509
8017 3604
7075 420
4929 2971
5976 587
9340 5058
7606 66
6283 7940
6041 6910
9926 4639
885 3543
3173 615
1190 3564
3293 6091
1254 3087
8320 5727
9270 6430
5991 8395
8207 3108
696 4552
4370 1418
3699 7563
9281 9507
7249 9236
2645 5025
4563 8295
7826 5975
1453 560
2703 2192
8463 2423
1065 6502
3805 1845
6378 5895
2795 969
1764 2191
4316 2615
4069 7717
868 9170
2728 6471
7445 5658
4360 6982
4439 1324
7745 3097
8167 716
2350 9512
9546 9727
9879 3001
7627 8555
5608 2721
1705 5888
4132 1057
5280 7408
3472 4478
4450 8128
2808 1466
7281 3170
6160 7837
2876 343
3169 7766
475 2304
4014 5337
6635 6301
3140 2858
5241 4454
8798 5793
866 2324
2846 827
5782 3193
8147 895
6765 3993
4843 2346
2313 2406
7062 6684
8450 4036
413 5408
6748 2417
2005 8201
3422 8124
6522 2691
5641 9905
6900 9455
9473 692
7754 5642
9639 6404
7587 4468
6708 9856
3971 9089
4885 1562
2493 6646
6015 1275
1705 3456
2314 8944
5007 2105
1133 8023
4261 8115
956 7779
826 6005
1852 7080
1224 366
5144 7697
3582 8246
8557 2877
2672 9062
6360 4175
265 20
9648 1553
656 2403
2081 7242
5042 3761
283 8289
5203 6490
4364 1225
471 8280
1157 540
9016 1009
7788 418
4887 9310
3141 5580
5967 7872
5090 2352
2972 2745
3286 6108
9534 3550
765 7631
6695 9449
1086 364
6932 2752
108 3411
5391 2478
7798 8858
7960 2327
4395 6734
1456 7856
5637 9332
3521 2270
5161 8974
9938 3550
6479 4693
8587 7762
704 5847
5230 9526
1495 9558
8666 6868
3956 9133
9775 2889
5807 4226
464 2746
1245 9605
2204 1929
5006 7283
1306 5202
7803 4983
6833 9903
7982 6985
2036 3574
2890 8813
9384 2671
3434 214
5681 8968
7452 8127
5368 9446
3438 2742
3755 9698
3973 6169
451 3515
8088 3357
4809 3977
4429 6567
3075 6733
7656 3947
9042 8422
7555 5154
6432 6416
7600 8410
8682 2891
6510 3053
2154 8675
1569 2521
5039 4165
4706 6165
6709 3349
3122 8667
8254 4109
5536 2784
6684 7580
9171 1651
3871 307
8283 4588
1254 9420
3325 4387
278 1981
7440 5432
1666 4742
2785 4781
937 7412
1507 974
8230 7290
1580 2010
7307 3288
9294 6682
9385 7862
4467 7890
1648 2131
6090 540
8469 7211
3456 6835
2982 8242
717 3445
9380 675
3625 3457
6698 6390
217 9
238 1365
7275 4019
3637 7553
712 7351
100 6008
9437 1305
717 5060
1933 5745
4945 913
6460 6163
6164 8624
5299 2742
2583 3758
9575 2748
9022 4317
6704 8204
4350 2276
5902 5217
813 534
9454 8011
331 7933
465 5489
4217 4831
4117 1867
1566 3320
6367 1411
3340 4923
8578 9977
6679 7063
434 339
8691 8750
7991 1722
3388 9443
3655 9117
3729 6773
8985 4986
8058 6759
1827 7594
2748 3051
9589 7248
7693 8236
5591 6324
1361 7518
7362 9161
1365 4907
7579 6235
3458 390
4405 2149
1665 9523
2596 4295
3182 586
3973 1288
8259 6387
4002 255
5802 4289
4370 2084
1081 8820
5736 8949
7639 2423
2723 9197
8522 8014
3699 8493
9799 7806
8505 9772
5859 5350
1825 2793
9252 1738
2209 2075
5253 1877
8677 5302
5909 6360
7007 3047
860 6415
6318 2041
8429 366
7618 9974
9715 8008
2606 7953
6244 3292
1353 4264
3641 1947
2509 5772
8559 8422
1335 7514
3006 6449
1004 3571
7393 3318
1661 6909
8391 6888
2682 8638
4003 1103
5040 7224
9156 1148
7828 5446
6131 4467
4057 4202
3712 4526
6203 8458
4704 9498
7112 1880
4019 2767
1464 18
9999 6317
1268 6744
3096 6610
4839 2994
7378 2639
4374 8680
6771 1308
7047 8173
8169 2007
818 6124
8506 5437
7903 1150
3152 5036
9681 4251
1984 3249
2171 8381
2114 6452
2765 5743
4150 8916
840 764
3480 6060
786 648
9667 321
740 7499
550 7796
7958 7300
6135 2489
3121 585
9337 182
6010 6699
201 4825
8949 9640
5327 6618
7241 9814
292 6131
9603 616
5175 8369
5915 9827
7419 4058
3012 9955
484 6073
9662 7227
466 5184
4426 9516
1847 6826
5998 4009
305 4637
9817 6672
2591 5320
4098 1803
7664 398
8445 5820
1540 1218
8597 362
8933 9635
7048 2606
6207 1631
5155 3458
6336 6638
6155 559
7797 8042
3807 1778
3026 5128
9003 6329
7154 307
5139 5673
1219 496
1326 2745
9592 890
5697 448
4583 9320
4780 3112
1722 6819
4707 318
7956 7188
2130 5040
8784 1476
4447 4748
2537 1863
7799 7519
913 3293
1558 790
780 4664
5402 6397
9050 7275
1792 2127
4591 1202
7548 1097
8120 7253
2536 7151
8036 8625
9660 3772
9017 4136
4680 7998
5726 4938
184 4198
6100 3176
2890 2603
3369 7904
2842 7388
5146 1434
6971 1402
1504 4241
8851 425
3473 6364
777 1395
191 1933
1734 1853
483 5121
4411 3725
4948 8442
3288 2868
8715 5563
2974 4593
2493 8109
2500 4996
1284 1091
9117 4406
9444 1493
4682 3160
3453 6670
373 5669
9128 8241
3561 9189
741 8581
985 1324
7411 9188
8019 8905
6630 9695
3402 7831
9839 365
3476 4683
9632 2414
3238 3584
4837 3043
7379 8232
2214 9170
2117 8752
5638 2818
6136 6797
6278 9840
5329 4957
2547 5366
9591 514
4054 3964
4394 6195
2078 230
8023 1495
2614 542
7701 1302
9327 1692
3621 3125
3585 717
2730 3558
4005 7944
390 8075
8741 6075
6085 7149
1242 6131
9431 5457
9899 3599
3041 5624
4652 2682
1126 3452
3988 8114
1748 447
8314 686
6445 8916
6567 7331
7318 7947
7419 9814
1677 7790
3667 6898
527 5597
1854 1096
3734 7099
7339 5723
7322 7511
459 7841
1373 6367
9794 2982
9861 8029
3226 8635
2721 4276
6545 4586
5997 6114
9592 4347
9566 4970
3639 983
2797 7283
2485 762
6533 2032
2786 4806
3231 5285
1298 3696
91 4765
3339 7399
4255 4568
4723 1055
6012 4146
1742 9398
8652 7360
9860 6764
6317 7816
9757 1095
7107 8679
3977 1676
5870 4610
4350 1162
1211 9455
4962 4780
5783 8452
8048 7707
273 8462
55 3809
7236 5998
494 7804
8065 670
9387 4691
820 1769
6207 7236
9782 5829
2012 1497
9558 4189
239 4607
1533 5222
5201 4375
6398 86
9242 9884
9013 2893
4944 8301
1920 7134
6338 8362
4823 5654
7772 8400
9523 6525
9276 6717
6893 9871
1519 1997
256 8518
5206 7503
1750 4190
9129 9123
1103 2018
7186 7249
6009 9158
6702 5835
4628 8167
6919 637
7339 8178
5418 1944
4294 3627
4814 1417
3782 14
7812 6519
6538 9954
6508 5576
3899 4321
5291 5355
605 5736
3909 9438
78 6119
199 1380
9019 470
4455 3024
8339 7187
2356 7669
8327 1794
7013 9588
2732 4784
130 6631
5615 8118
8186 3265
207 1417
4209 7920
1941 6385
158 9238
6061 7258
2962 1538
4452 4583
6040 553
8287 5770
8710 1825
8746 9604
5787 9430
9608 6169
9972 383
9128 6730
6161 1163
1304 4947
4864 9105
7843 6951
4715 2617
7084 8114
7222 4366
2863 6413
3334 7638
435 9338
5050 6699
6087 3874
8126 879
2833 4152
9558 1013
5911 2697
7335 4243
3093 4399
2806 2948
8996 60
8208 5992
3534 6732
8971 6481
2208 7934
780 637
6487 6518
6705 7892
803 1404
5157 7460
2606 307
6841 1800
2299 2204
1054 8230
3491 4253
8200 6391
320 7980
2594 6240
2030 8683
116 3199
8047 4880
7945 2776
1376 8181
970 62
7595 3806
6140 9278
4441 724
5598 3209
3390 4225
2992 8697
9774 2460
360 9200
8063 5373
7805 7785
7191 1144
8121 7330
6171 2710
3324 3080
6178 4058
2509 8720
1032 797
8745 5855
5361 94
4489 3690
7761 4415
949 5197
1945 4038
5396 6731
2202 9179
2556 8199
7899 6095
8865 6646
7378 5516
3636 9748
1539 246
8428 7302
9858 7857
2428 7743
523 5276
2627 4832
6096 439
154 7440
9005 409
4474 4702
1337 6128
8684 9909
480 3689
9582 3191
7860 5429
4552 2217
3139 794
6593 7395
9093 2836
3258 3459
2504 5929
111 7831
2420 4599
4644 6952
6875 689
6814 5691
7480 872
7920 3959
2332 6536
2568 2208
9685 6191
9216 3104
3956 7852
4862 1959
4064 3119
9632 4090
3756 1455
8854 5999
2142 8701
8373 1432
2555 8048
7127 8045
8861 5500
6678 826
476 4847
3085 9600
8267 3498
1305 1188
9676 3403
4167 8353
3479 1579
8118 5102
8289 3244
881 6438
7161 6845
7399 588
8228 7077
7723 6531
8145 4927
2890 9948
6745 7375
8121 4023
2682 3558
1006 9294
1213 1760
9859 4409
5336 7721
6599 3475
9659 6480
2694 9945
7602 1955
7923 4988
902 8061
2394 3848
2721 7157
7353 939
4386 3761
5212 3565
8176 1809
9100 2574
3 5009
1340 7924
5069 4183
4554 8567
4744 4268
593 6692
979 1728
1712 7901
7432 2720
7147 7276
3951 7675
9599 8868
7824 9032
8120 3944
5460 6979
1303 8754
6722 3676
7491 9929
9687 2075
2206 4816
2630 2081
2214 3442
2293 933
5144 6937
613 1453
8468 5830
8728 801
6706 1285
9899 1753
3684 9089
9098 1595
1681 1316
8368 1652
637 8133
8559 7309
2235 9156
1117 8848
194 4467
3650 4121
7153 5405
889 9311
9116 3169
2544 3505
3808 3787
1170 7864
8095 7333
4964 5146
2984 5538
6695 6016
546 7172
2841 7371
4078 1040
5964 5037
5441 714
3453 9770
6583 4025
8339 4413
1234 2525
7567 5573
602 4755
3560 974
1207 2098
8653 7271
1230 6435
4533 4284
9611 1669
6781 5295
8757 6525
1208 1504
254 7211
1219 7985
6340 1626
3770 1101
2470 9841
3475 9484
4520 2953
9411 2371
1128 1112
2539 8329
785 3235
7295 4019
3247 8055
4630 1754
2957 6776
6711 5187
4676 236
3291 9771
2413 9078
1099 1496
7464 2809
7688 3919
4528 5332
7588 3544
2188 4247
1503 1189
5539 6991
5922 17
9603 5552
8201 9667
3011 2473
2426 9700
3634 8840
6357 9581
7038 547
7980 9797
1456 7722
5862 2843
3034 5143
2496 6070
7529 2058
6650 8346
179 93
1332 1414
6724 709
7326 6595
7255 5585
6083 618
2785 3095
4012 544
2738 5252
6780 441
2665 2863
7427 3497
3962 1613
1475 9386
9618 8148
6877 5298
6161 496
9415 9599
8339 1295
7243 8745
5518 804
2499 464
8141 5340
5185 2804
4370 2908
3895 6765
5054 246
7266 1326
9513 6819
9549 2683
9126 5491
5899 886
3985 750
9757 2914
2420 1487
8183 1110
2764 1375
7666 767
1473 7592
2533 3178
8662 5336
9737 2562
7968 2189
2065 8577
1511 3766
1568 9747
8295 170
4509 3202
2216 2635
3337 6256
2122 5630
9766 503
6010 5614
9885 5844
6211 4291
9178 9797
3267 8365
9544 9260
1345 3929
6374 5995
51 1039
7874 2224
2980 2150
6438 7637
4251 8211
3807 2840
5059 7245
1337 3963
8351 7727
6543 837
3390 2980
1970 5842
773 1334
1270 6005
1038 1113
149 5048
297 5093
9823 1806
9014 1151
4070 715
9676 3517
68 4865
2283 4828
2720 9377
8145 9558
9619 2775
1859 4571
4550 7747
9750 4390
5849 8345
7277 966
8821 7041
5946 5041
8856 5449
71 1135
2197 6660
3002 1019
7613 3440
9881 3339
3183 9216
1716 9853
9662 9573
6467 4889
1462 4505
9942 7908
9215 2891
613 9960
174 2273
1087 1058
1249 6587
7400 2590
5722 9648
1350 742
1856 6368
5445 5308
5168 949
2854 4934
236 8000
7279 2177
4469 4750
7417 9913
9057 4304
9091 7650
2995 7967
8054 8533
4875 3069
5972 5146
5452 8962
5702 9424
6077 9693
8521 2069
296 9187
3395 7136
7982 4588
5107 345
3893 3427
5131 9524
1248 7556
5368 3768
7867 7978
2002 2767
2393 8754
6362 1059
3852 9407
4226 3692
6156 927
2598 4974
7272 4537
6679 2858
1611 9219
4117 3555
8816 7634
3454 8201
9753 9263
8930 2188
6032 3051
2533 2526
4627 7948
6593 7236
9429 1287
121 596
8110 2317
4182 2118
4540 7649
3490 4784
3332 5686
7683 2800
3122 1260
3036 2444
3048 4424
3742 1684
1961 160
3745 9622
1096 4775
5374 9088
6833 8618
6587 9696
3251 9373
3544 2749
6156 3916
4742 6152
6170 6300
3397 8293
2345 9116
9301 5143
8036 5983
4599 1163
5865 1282
8296 5517
6018 6950
1246 9264
2635 8671
9416 556
5627 2124
6599 280
5465 9498
9255 7427
4343 8827
8888 5908
8639 7448
7954 7655
4954 9976
678 3492
2089 7524
3956 7496
6280 9397
7543 6941
5656 9725
7589 6055
4828 787
7475 2869
6107 1480
7541 7999
1667 9383
9779 1778
8277 4824
1388 324
7294 3576
8349 7259
4797 2035
862 1256
1053 7769
6698 2756
6595 3260
8703 5753
2665 4046
5802 9898
3899 878
9467 2070
7933 2501
4484 2704
7500 5240
5704 1065
3339 1273
9974 2292
6444 7005
338 3849
7382 4389
6990 3680
7560 4037
4047 8383
3068 7074
2133 7690
2142 2096
3074 2689
4953 2859
6217 9995
5269 5030
7134 361
2715 1938
1084 1415
2112 3556
1995 7418
9098 8033
1897 9292
338 129
2820 5648
4448 5429
225 8533
8182 2857
4089 1611
3054 290
2918 9891
8774 3643
5511 709
4989 5342
7012 9719
6764 6776
3447 6717
402 6038
1446 7701
3250 1215
1585 5648
4836 8536
1972 3716
4359 5484
7851 6920
5618 4004
3162 3877
1514 9261
229 1496
1563 1558
2382 5494
4722 8662
5042 9973
5945 9680
6189 9394
2246 3341
1639 868
3365 861
6148 3529
8988 1100
6107 9538
171 1128
353 5370
7177 6196
6817 284
6957 6186
7705 1914
7223 3636
975 5529
1142 3955
1003 4312
4643 4701
5818 2138
1466 9102
438 2047
4727 6613
8588 653
6538 9038
8377 5687
822 4564
4086 4516
2709 1458
3649 6522
6418 3652
9123 3362
3112 2236
8858 6644
3994 3306
1806 5820
6704 1282
9944 8768
7538 6158
1269 7649
2714 830
1832 4702
9671 738
4985 8035
8527 5936
4765 8392
7610 4623
6418 5618
4615 1818
1830 3678
4065 3930
6046 2179
9665 8830
466 4621
750 2586
4815 6647
3558 8947
810 8691
5592 9702
4440 7099
7685 588
5633 7770
3881 3365
8565 1699
525 2322
7735 6563
5397 3605
7 2597
6304 1262
717 4245
3186 3311
3605 4020
863 3908
9395 2172
6413 7605
5775 3108
2287 9549
1056 2736
1623 8741
1391 1992
3004 5556
1104 9159
7643 5395
17 4634
4031 4181
105 8194
4094 2149
966 2327
5740 6604
6687 9879
6277 1145
8884 6097
6780 7459
5484 8539
4742 1568
808 8310
8729 9020
2481 5878
3319 4016
1236 4658
3233 7380
3788 7182
4030 1480
1720 5369
2632 1968
467 4358
8877 7459
350 4973
6758 9642
3958 1338
2718 497
7032 146
3489 9717
1031 8161
2894 8154
338 7328
1937 8500
5117 683
3359 2516
8264 4463
8848 4809
6476 4780
4741 2118
6859 7761
6686 3327
8318 2019
6632 2215
3580 8073
692 7799
5262 6678
8718 5768
2702 4421
3142 2081
7472 8964
8637 3764
8133 4533
4443 2584
209 8417
755 81
2529 5152
9261 5925
2412 7893
5299 7558
7268 6094
458 6327
5197 4193
4151 6775
9337 3283
1766 8691
2301 1274
6113 8614
4528 9607
7920 6842
513 7961
639 6521
8109 3854
2876 6883
4623 1292
4470 9947
6332 1605
336 5995
7414 6106
7139 2455
5956 8888
9898 8258
5171 9976
5551 8505
1703 7533
4348 9079
2600 8558
7445 27
7146 6368
4210 8137
1947 1387
5117 9999
2618 9409
4406 4573
2962 3807
4011 7076
6413 2795
665 8507
9944 5274
5908 9799
3267 4159
8183 2481
4471 7844
996 279
3428 5246
698 9234
8093 5314
2703 7318
9498 8670
4119 6285
3167 4489
1248 9307
6076 1778
1205 5926
3969 6661
3848 1428
2353 2517
5726 15
454 4737
3251 6239
7224 3178
1869 3303
9671 6869
5365 1667
9811 9341
2438 8309
7953 8303
5998 1824
9458 6755
7275 7179
7781 9937
7101 3544
9706 4312
1465 2199
4189 5619
1152 7255
7711 6085
4526 3636
636 9519
5117 8760
3570 572
8852 8075
5552 8384
7645 3679
2427 4626
112 9761
2963 3814
5449 8048
433 7998
9560 5805
8026 4442
8641 7656
7741 790
1774 6386
8778 9409
3694 6242
9503 2498
5973 5462
1843 1969
8043 1057
1083 4259
8062 1732
8804 7764
4884 1049
8481 9661
2929 3555
3405 1288
3389 9912
7858 8142
9549 800
9486 7565
2134 9554
7806 321
56 2283
6158 2676
2239 3382
6525 5253
1543 3419
447 5075
2291 8287
1284 7387
5856 636
700 2521
169 1882
5737 9101
640 88
1710 9108
3118 2548
9789 8881
5517 1023
9795 867
3767 1405
5818 3089
4995 3300
5377 3447
7360 8938
8111 3822
6245 3194
3147 4807
4261 3873
5559 8597
2212 6103
7012 5392
5107 3590
8752 2266
1361 950
2281 8880
1419 8432
3123 8222
7360 446
4081 6362
3324 7157
6409 3360
5048 3943
3021 7246
7012 6230
2151 4192
3661 3495
5016 3702
2307 9244
6509 3168
75 7708
7357 7895
3869 1018
5908 5102
9968 1440
1180 6369
3964 2145
4293 1427
709 5443
863 2743
919 1216
7200 8907
4270 3
5166 2767
1656 9461
5512 6028
1558 4054
1332 1810
2941 9530
4952 1539
707 7776
218 7459
3587 9184
4396 3859
3195 2810
6992 3101
4828 8777
7175 2009
126 5356
7992 5386
1569 6572
5384 6887
9787 1725
8493 7494
4597 8998
2115 8509
4482 8586
3440 1726
1228 9045
7135 5668
4894 9090
2107 6616
8035 5358
8827 1240
4265 816
5286 2250
6153 2663
5807 5021
5491 7296
9947 5379
6976 742
8804 2787
724 3241
4056 638
9999 216
968 9339
9261 293
5539 5594
709 643
5181 9444
1757 6093
1413 8465
6542 3386
941 7816
1616 5755
4789 6963
5852 7026
1148 7422
3130 5899
1400 721
4670 3574
526 4881
9398 1731
7175 3210
4174 7216
4892 7487
2129 2152
7794 2134
9769 9932
6412 7049
770 8559
1771 670
980 3341
5178 2079
9624 9926
8707 3923
323 2583
4988 6194
9458 4888
7617 7791
2752 5914
5805 8307
1484 8216
7993 5578
3667 3657
3428 39
5695 5916
5433 7947
8367 8070
519 672
200 4403
305 911
4998 8787
4351 9982
1222 2250
283 1294
7954 9604
4714 1222
8890 84
2284 1586
6272 4099
6532 9598
442 2622
1398 9133
3266 6890
6779 3348
7020 2822
3515 8994
3975 2316
1512 5776
9186 2714
486 3315
7871 9605
7139 5963
5760 9505
6937 8018
1953 6783
5971 8640
377 7317
2414 4440
8852 6059
1152 5629
4235 4295
830 9483
5246 1686
5205 6170
1638 3745
4501 3171
3294 7186
7760 1573
585 1572
8636 7266
2802 4169
6434 5448
6764 2747
7710 8563
4697 9501
2399 9391
661 3084
6911 4428
39 4931
8812 6169
8756 5229
5407 5273
7339 3078
9835 5407
20 3936
4875 6470
2081 926
4399 2856
1503 5806
6862 6357
8750 2289
4701 3711
8786 8307
2574 9942
8300 8687
3812 3915
1489 6647
2687 9772
152 4159
4733 2572
2759 8547
1047 6479
3813 8334
3522 9573
1935 2070
4808 4224
2072 9159
2582 5018
777 5713
7992 1715
7694 141
3187 9986
7829 8025
9396 9350
8755 980
4033 8641
1563 7107
6016 3684
2129 9503
9705 640
7592 3572
5497 5003
9737 583
5259 1521
2600 7832
7268 2901
4983 1299
6331 9445
1303 9745
6423 9402
4549 9465
1796 6167
3948 214
276 8301
4978 9209
2705 9152
6867 9884
9737 428
8867 9407
8740 387
1020 5200
1757 3692
3144 8462
1880 5843
5640 5457
1055 1042
5639 8962
7873 4182
6949 2777
975 4334
5474 9725
1076 6312
7684 2838
5603 2789
2304 2858
4856 1182
295 6017
49 2580
1441 2075
4745 4848
9762 5315
4389 9889
9202 1178
1320 1695
5026 7988
2819 8127
2624 4429
4532 8889
9520 3078
4005 6174
7181 1615
9089 4778
5662 7665
8448 1143
1457 3226
8315 8015
5735 8209
2527 613
2208 6746
2776 5851
3867 9030
8369 1959
3088 7405
5874 2000
8760 7844
949 3473
1431 6697
4306 2792
3494 268
2522 4939
6235 4819
7506 6535
3914 7749
7279 2868
776 8044
4198 4140
7424 5997
7490 5199
1051 3025
1555 5838
3309 509
4659 9399
8934 3418
6780 6972
7955 3229
1069 8213
9482 2860
5263 2585
1458 562
2844 6175
9332 1272
7265 5424
3264 901
7845 2736
4188 7778
519 6418
4055 3110
992 99
2809 5348
1558 4894
3252 4217
5451 9980
9539 1274
479 4796
4787 7282
5003 290
9185 5255
3855 2416
2304 2406
4710 1083
235 9627
8228 3583
6685 9995
9852 6788
8686 4182
2200 1732
4068 5989
9436 5691
268 5543
4411 519
2204 6385
4611 6678
8575 9725
728 7925
8965 4292
7425 5056
2229 5456
1193 1643
4117 8350
4365 3114
6652 395
646 9751
3308 1799
7190 5448
5611 3893
6613 5869
2613 3730
2943 57
8789 6911
5538 6774
191 5991
4894 3791
707 2058
7097 9808
5872 8884
489 2890
8383 9330
7758 3232
4984 8413
408 1084
8264 8787
3656 7216
6208 8494
5825 7542
6101 5714
6820 100
6938 2224
5510 7157
6912 3899
6856 4013
6872 3031
3356 1920
8233 8471
6038 1940
6581 4253
6933 8933
2213 2021
7825 4356
844 6557
8386 8728
4188 742
9502 2416
334 5639
7461 6638
9502 2551
3503 8136
3919 7047
8160 7224
2242 5628
3781 2563
580 7656
9716 5419
9823 9042
2533 8059
9099 2641
5999 5389
6928 4879
2704 3058
1399 7457
2976 4434
2530 8764
6155 5715
3126 3331
687 8241
206 3448
5300 4314
3156 1832
2462 3692
6211 6508
985 3664
4926 8629
2849 6043
3293 9601
3555 137
7741 4277
2651 2372
1913 1972
8572 7385
9458 2471
1104 2628
8689 3249
2158 9172
1122 4220
1921 1946
4152 65
9312 3077
369 7599
2445 8699
9674 7936
1241 1879
5649 4440
1167 642
2763 3458
7591 7681
5456 8266
3513 4339
8184 2631
6874 4583
5995 6162
9924 5604
3666 1748
1884 2324
5749 8398
1199 6119
6875 3187
127 1149
4250 6403
5252 6784
1788 4340
8267 3895
7252 5516
6981 6084
695 9373
9004 13
5610 5741
9392 744
1400 3232
5320 6560
3814 3297
6372 9037
6948 3090
1126 1507
5327 9240
6113 6598
9432 4211
9241 9023
2160 3262
1906 215
8171 8728
2380 176
9104 909
3300 4010
7941 4812
2660 7851
9100 7982
2918 8367
4164 2177
5369 6430
3233 5505
2485 9817
8433 3993
5806 5922
5438 5095
4556 1776
4809 7121
2761 8668
9167 1571
472 6099
4787 598
3877 9987
1571 2713
5136 9972
843 1312
6482 7034
6064 8600
6541 9485
3941 9966
514 258
3663 6557
4311 9066
6820 2455
792 6799
9855 5249
2986 3895
4201 8627
2427 9818
4537 3433
4882 6288
689 8775
4899 3283
9071 6954
5099 8711
4757 9742
9467 1246
9577 8487
8480 8665
6056 2146
8244 9219
6796 8151
8004 2512
6036 2238
7171 8152
9064 4265
4001 3642
7748 4034
5730 4531
3261 8826
1172 2409
6700 283
3505 5777
6880 5429
8767 2712
5866 5013
5550 1306
4518 5848
552 9984
8595 2438
8058 8984
3759 7734
5291 6914
1827 4819
2253 8305
9972 4068
6063 5239
8829 1746
2097 3831
7382 1044
8790 6846
7943 5678
9321 3658
2000 7920
9801 3362
9599 3845
5851 8164
9881 114
6252 7886
7690 3184
9736 1298
1114 280
2411 793
1943 7940
3284 564
6882 9998
5397 5413
1231 7206
876 349
6089 6710
386 6240
7218 4005
8830 9413
8939 4115
6048 7471
8880 2479
9411 4456
370 2933
480 3227
5613 4918
3806 4415
2436 2647
5340 7759
5706 4859
3189 2213
5786 3744
1549 4169
4076 3184
3959 6818
470 6014
1421 2021
1704 4490
7 1876
7332 2647
6302 800
2578 7100
7829 6228
5811 8721
8041 2320
2798 7369
4288 8541
6382 815
5679 8008
8142 5578
8320 1814
4145 8297
6195 4067
1848 7652
2370 7815
2272 690
6108 1026
6206 5874
6123 6853
7558 3405
8416 5184
2218 7987
8297 9961
2599 9853
4872 9803
6016 9915
1743 4734
905 5286
4276 7859
1166 1821
5051 2056
6552 2203
9049 8967
8136 7424
9452 933
5281 8367
2591 9704
9210 2343
8860 8965
151 2135
7530 2150
634 6328
545 5723
7186 531
3429 9065
3751 5079
1105 3316
9489 9519
3795 1526
279 4125
3196 1567
6997 210
5024 9369
5905 150
2954 871
1975 6631
9688 147
6630 1689
1259 3140
1095 2688
4136 6104
6723 6475
2457 2349
6724 5413
8193 1752
2199 7326
5062 9707
3266 421
5975 6677
3799 5305
2498 3402
7738 7976
9637 5576
8966 8643
1578 1619
2235 8322
7070 8922
2011 1725
9643 7594
9559 7092
3988 3863
2379 4430
3494 4318
2480 3509
5088 8731
4966 6263
1292 7035
3805 6465
1290 8353
4493 7603
7110 7597
2690 3423
1663 1589
4826 213
6639 4301
2276 6324
1403 3199
7916 7530
8065 3662
193 2502
5690 6190
3044 1146
3277 6898
5740 5282
2403 2288
5644 8656
1679 6876
3109 7461
9552 8174
7670 7271
5210 2813
9578 9527
9824 2234
7434 1454
6422 4702
3911 5928
1592 7500
4251 1072
2736 4699
772 1879
1376 5399
8531 3960
3534 1436
5907 957
1585 1078
4286 4689
3918 6758
8453 412
4694 4705
9209 6604
8524 5400
4758 8775
9395 4285
8887 1269
6514 8845
4401 9149
2626 2770
313 4560
9223 5183
5125 1927
4282 5847
4725 8896
7121 9994
402 9004
1043 801
3423 9278
3092 5297
2369 7075
9982 6694
8752 4825
6092 4019
5381 635
3437 6610
6737 8024
1294 435
9232 9989
2401 9981
4026 3985
3604 3162
7630 5978
6296 7202
9986 6281
8944 1370
1820 3439
5982 7192
5722 5689
1869 7781
4830 7222
3009 1799
2021 2657
5378 1329
4635 5445
112 3298
1302 5466
9481 5338
1357 4613
3688 1072
4072 4482
5997 7088
1096 3978
1818 4290
7731 2454
2310 6289
348 8770
5637 399
870 8008
4107 8673
5630 8243
3400 6636
4334 7122
2353 6179
2378 6905
1335 7957
8390 4906
7156 9731
2330 6659
5078 7406
3175 7879
5319 3023
6827 2793
4619 5375
547 1525
8531 6012
2671 2571
7306 5979
3619 5341
6196 5600
286 8503
7336 1882
5782 6054
6933 239
1485 5608
4834 1606
7731 4272
1263 6121
3221 9622
7106 7592
2156 6181
1320 1586
3565 6565
9066 6849
5662 4342
9538 9877
65 1042
938 4848
5844 112
7820 8937
2448 5949
1949 8381
546 307
6764 1354
1530 9670
9317 409
8649 6552
1891 8588
5160 2168
8764 7387
1202 2019
8103 305
4772 9598
7134 8238
7178 6557
3342 7338
8443 5115
6662 3906
8690 6905
5190 3280
297 3707
1083 6767
8148 3525
9557 8431
5654 988
5874 1072
5587 8228
8823 7566
8088 3557
9912 5976
6966 6327
5118 1312
8219 3539
7541 181
8218 1755
5290 8300
4434 7330
8147 4218
9188 2099
2542 3121
1757 7960
66 3189
5003 7570
1142 919
9967 8619
5500 383
9325 3064
9119 3483
3862 7893
4133 4166
1918 4319
6713 7689
3045 9023
8704 8967
2678 3346
6660 4864
8876 5264
5027 8897
1173 6515
2513 9349
7389 8170
3570 5871
7182 5760
6002 4556
5781 3931
3460 1865
1739 3301
272 1727
1655 4745
4186 8758
3987 6119
2608 9356
2335 2350
37 5523
5208 3834
5325 349
7517 2502
8906 4954
194 2001
8374 5807
2974 2109
8514 7737
9275 9336
123 6701
5251 7157
7 8070
4248 3166
5780 2718
4837 681
6524 5455
8969 4544
5065 8733
5761 1991
1307 6732
8870 2403
1255 5647
8691 8127
3222 729
4522 394
2052 9881
8238 9642
7339 963
873 4378
7216 5563
915 1442
5895 3930
1673 2306
3554 9339
75 471
4903 1694
4187 3554
1 6775
7841 2263
6793 3868
6705 5723
8928 9364
2411 7189
91 5756
2036 8962
2385 8797
3621 3662
1328 4541
4611 5790
4490 7563
7157 1763
1046 968
8531 3334
32 526
1781 6748
6350 9354
2849 3872
2399 2236
9500 2002
2949 8412
8906 7972
8709 8710
250 976
3466 4057
8329 1583
6645 279
2829 6779
1478 5601
3652 1234
9611 2356
6104 9044
6705 2842
573 3836
8372 8053
2121 4640
8773 9346
9543 1699
2783 8878
2854 3158
6774 3849
8660 1969
6731 616
6848 1487
8133 1703
870 5026
1418 8023
6666 7703
1997 9843
9125 7728
448 6793
248 8459
8489 6800
7189 6324
2363 9379
95 914
9018 2229
1466 195
1145 3791
1779 5893
9031 4569
8040 7151
1575 6973
5807 8476
1151 2003
1659 7928
3054 8822
4077 3945
352 5676
527 8971
6267 6016
5285 1344
1264 9809
1069 7259
1147 9852
652 224
2638 3869
2091 8718
7420 2241
9295 6652
5969 5583
1592 7596
6453 9261
8440 8659
2670 6470
5571 5888
2211 8953
91 1184
1508 6669
7878 6672
5097 5260
8990 5603
4239 9507
105 7522
1249 3206
6157 8153
1455 530
7890 1254
6261 4464
6978 4335
1570 1831
4291 2129
3922 5655
9120 7963
4102 2784
5932 821
4944 1923
357 5913
3271 5459
7795 4506
4764 810
1795 471
1653 9841
3870 1994
3651 4682
5062 8349
5542 2885
5093 1358
5067 6688
5859 1345
6043 1151
9076 2169
4766 4397
4074 333
853 5688
6541 1070
9309 623
2787 9183
5244 8745
1247 3501
5304 1122
2937 1362
9816 3133
1038 292
3303 7850
4771 7218
7304 5674
4283 3210
2439 2708
5329 863
2862 5965
757 1572
8427 1825
5378 6351
7617 6476
7168 1172
2852 4914
8886 6023
7551 3523
655 7052
2272 8874
2062 6728
5613 3104
9042 2033
8603 9978
7761 7546
8535 6450
3264 2024
4102 7278
6589 7836
931 9756
1814 844
686 8538
1840 7345
8722 3413
8436 3340
3119 16
8001 8139
9089 315
9080 194
868 5332
3384 6531
4410 5021
2910 8284
7323 491
5293 5137
1529 8950
211 1079
1826 7526
4971 4741
7585 993
1293 7161
111 368
5839 1190
9948 5043
7224 9540
5299 4998
4330 7267
2244 1283
9670 6255
1065 2798
8573 5974
4682 6214
4078 3496
4038 6268
2001 3440
240 4651
7018 9163
4083 6632
3710 9125
8418 3979
4513 5121
5393 6542
7079 6294
874 2898
8091 6255
6199 9131
2377 620
728 5894
1779 1142
1571 4434
1959 8348
8613 8783
4203 2798
716 6300
9711 2603
688 3611
7673 9930
7241 8740
2368 2053
1245 4356
9994 806
8170 4260
8748 7596
3660 8232
227 196
369 6178
4495 4083
911 4287
8899 4297
2258 4885
723 8820
8796 6189
1221 8335
2860 855
8024 7156
9451 5750
9519 7808
311 1282
4790 1357
5292 7406
4077 1575
1501 1943
5503 9516
7271 6680
4214 9266
3557 7050
9681 9018
3507 3303
6841 8746
2391 1617
4941 2396
8940 1385
454 9817
4062 4348
2723 9092
3671 9134
2549 6211
8837 3056
6074 4903
377 2314
6707 9201
2358 3572
8428 4919
4085 2842
7642 848
4636 5965
3457 5620
4229 1633
5600 3830
9164 1507
9802 1044
4234 2495
1082 5670
3298 8459
5978 4833
7068 1576
8853 5901
2314 3046
9476 9737
7297 9216
868 1098
2683 7435
4142 8643
2661 7879
1054 337
4693 8045
8858 9647
489 9613
9272 9929
8523 6953
9423 1766
5845 405
4747 7444
9535 6315
7936 7173
5805 8645
1325 3346
5641 3653
5959 8028
2487 2478
5417 3772
5083 6129
6815 7713
3972 1726
762 7319
6963 1182
4020 7788
964 4253
3727 5245
8636 7717
7968 3304
7145 430
7738 259
5537 4821
6072 5984
4616 3885
3556 3985
8674 8937
3244 3777
4941 6708
4825 1136
9473 4489
7861 4604
8657 4233
9636 6650
1559 4308
1353 9176
5211 9935
909 4357
6477 2557
8224 3049
278 6035
5721 2458
9403 1887
6305 5552
1092 5703
3533 7334
6488 1552
248 8578
6291 4583
3621 8447
3421 8099
7261 7137
8493 8261
6065 9729
4477 6770
7463 1599
1237 3439
4821 1662
19 2781
7527 7241
7886 3593
8440 3346
8819 3827
7374 3255
9667 7038
3561 4279
5113 2458
6641 6240
8363 2622
6485 3396
1380 6076
9823 8720
278 5258
9583 8833
7154 1888
1772 2328
9816 5302
313 6642
7203 8533
6756 1297
6896 1838
5613 862
7286 3099
6821 7269
9687 9689
5556 463
1072 3328
8984 3122
2968 6259
5026 1486
5473 3548
5671 7226
6897 5883
4631 1324
7659 5430
9195 9397
3609 3490
1037 8608
4141 4224
734 2006
9303 5240
4146 7012
6340 3528
2762 1334
1260 5453
7133 2942
1620 9709
9318 4417
7430 7294
2543 9949
3448 7822
9473 7491
8152 2071
6527 482
6224 1119
5796 8575
9407 397
3174 1381
8570 7775
8125 1072
8503 1374
9546 7074
3273 9018
6751 3765
3937 4669
9275 6600
259 9465
2826 5364
1238 1940
9722 4011
8681 4008
233 7769
2841 6201
349 6660
9323 7541
1325 8410
9317 3727
1995 7800
6368 9806
307 4609
7520 5049
893 6258
5272 4615
3440 7962
4848 328
3072 8924
4874 4740
4905 314
2554 8094
5702 7397
8656 2365
9719 6266
5548 3811
1402 1102
4844 375
3995 1307
9157 5179
1246 3723
5060 971
1386 4241
8593 3923
8111 6716
6037 2984
2021 5644
6933 9957
804 3077
2691 1297
2020 2076
5508 4658
189 9682
8401 9703
9303 8671
619 6777
4344 2325
603 4229
4657 190
459 4387
5450 3144
7631 69
7573 274
7738 4807
3373 6925
408 9040
2671 5261
6346 2610
7021 3420
3144 9558
5958 764
5874 4136
275 358
4119 2400
3773 4266
1441 7912
828 3978
619 6236
7175 9772
3999 1379
9911 182
3010 4054
1828 1422
8813 6863
5249 2602
3073 1114
5785 1143
1177 9443
2906 5128
9093 6724
4956 5880
3731 9282
5756 308
7458 7106
5754 4672
5587 9252
5342 887
9816 7391
8715 8955
5497 3701
9225 5829
7330 8531
1898 8527
8219 9553
9200 320
6861 2285
5204 2448
7657 382
7959 1350
3233 2360
4248 6913
3819 351
8529 4037
3998 5216
2113 7037
8861 404
3955 3936
9394 7559
4803 3025
5149 6740
2817 3693
4331 8468
1665 4866
6083 1825
2297 8064
8584 4253
3348 7185
9667 2360
2751 5345
7117 6857
1940 1396
4269 5493
4320 6683
3416 9452
9048 1611
7840 6644
9830 527
3961 3046
7933 5483
1972 4012
2429 3323
151 4829
7049 5124
1289 608
8169 9889
6630 3657
618 1451
1589 2388
7603 9834
3900 5984
4765 8046
1390 8612
620 497
2707 7858
3719 8715
9214 6997
9486 5398
3876 196
4285 2290
8942 7673
6180 2185
9753 3910
263 9298
9705 4015
8275 4386
8803 7469
7119 4902
5054 8696
1562 174
5728 3062
81 4926
5649 4081
7025 4847
5687 6713
7182 4950
9159 8774
8138 4485
2040 6460
2337 8272
7179 1722
9897 904
8518 8932
8286 3181
7747 2056
9231 8116
3006 5244
970 8057
4323 1828
5276 3054
9278 2623
683 9700
3995 3175
4036 5851
6169 9880
2160 6621
1852 9509
4444 9918
4435 8844
6266 3962
5133 5072
6711 5149
8142 6734
9085 1004
194 6568
6941 7701
6043 2941
739 4706
2471 1517
2002 7337
6709 6126
7538 4475
796 4472
777 9031
7211 2503
8669 7624
3642 6195
573 4643
8589 6331
9270 2126
3434 8955
5526 3882
8449 418
8388 4536
7327 582
2151 3388
7997 4892
5727 2281
2807 7545
3437 5342
7508 2950
332 7009
2289 6878
3414 1261
4092 9115
1158 9989
8797 9975
6861 4780
9973 1833
6483 4620
8280 5207
3962 4827
4536 9946
4173 357
4035 8099
3011 9511
7050 6938
1579 6635
3874 7683
7473 869
6411 6864
9062 9523
971 4122
6169 4093
9447 1677
9218 942
1229 5547
9357 7511
8286 2447
6739 3459
8449 6005
7097 6380
1174 6631
4492 6206
8258 6646
7626 9179
9957 8438
6993 8300
1033 1452
3089 7401
9190 6270
1531 3468
9908 8224
1154 2620
846 2970
1208 9633
5351 3110
7369 3729
3468 2797
2921 5014
6389 4532
2059 779
6538 8357
7778 8319
2752 739
1830 6547
3861 684
512 9374
3000 6304
1746 8531
9342 5903
47 2703
2480 5479
748 7907
6379 8039
5337 7314
9398 4136
3635 654
1697 3792
570 4939
5807 4051
6480 8188
2058 6344
1434 9707
5325 3229
8884 8734
6622 7485
7378 7007
9073 9396
5913 4148
6652 8618
8791 7737
5195 1678
3293 3876
4238 9384
9210 3044
7206 7761
2208 6029
4996 5750
4568 5420
3092 9272
4626 7286
9451 5455
2942 9690
587 8747
1220 5047
3001 1096
7954 9692
6427 7095
2630 8581
2096 1880
3756 2757
9209 441
2502 415
8639 4995
8039 9314
2299 9921
7220 2153
6280 9082
9065 5993
2465 6404
1225 8345
2735 9225
8916 3266
1295 5870
452 342
5164 2371
2697 8204
2125 4688
2974 2530
3160 9305
3620 9734
1075 3584
2513 346
18 7330
800 3019
8710 8488
4408 110
3043 8230
5488 550
1546 7114
6766 5093
4789 8073
1487 7947
6339 4919
8906 7406
6367 9514
8846 470
9017 5816
8153 9625
2799 2149
5781 7484
3257 2394
8650 236
1486 1462
7224 9463
6719 7372
8377 160
8474 7484
3034 5791
9808 8722
674 4365
9393 7378
6078 1538
9266 8181
5961 115
6996 3212
5610 3286
708 8138
9676 2170
7557 7963
5695 2877
4843 6072
9474 68
6531 7692
6081 1384
304 4069
1848 5605
7936 4883
3047 2160
2846 8856
1663 3147
7171 7527
6607 3368
3440 224
3656 7522
559 3679
6540 4732
8557 7597
8542 7311
3196 8847
463 7555
804 8790
8515 1864
2465 8778
4281 3758
6984 6071
2995 8745
7822 30
1295 4224
3435 2989
685 309
6381 8151
5902 4664
9201 9977
3331 6662
2574 1921
9261 1070
4633 4084
6151 6918
9836 9865
4334 2503
206 1089
190 7820
2582 6561
9388 7275
7337 4190
2661 5974
5913 1107
1219 875
8559 1180
9929 7177
6756 7715
4044 7579
5459 1788
4867 7206
330 1005
8430 7302
4535 9356
8215 6247
4564 9120
6361 5101
7025 1968
4201 8312
7520 6261
3715 1959
5349 5402
8116 7415
2181 751
8960 5091
1205 201
1910 821
3717 4036
1107 9289
7667 6749
2371 2392
8548 5938
7642 4936
5533 3929
9216 6921
8747 16
4545 3934
4638 4244
3183 9279
8098 5647
1124 803
3895 8660
2973 6385
7866 313
9146 9939
904 7106
5587 8379
4517 9472
9972 2664
8409 1711
3194 1157
7507 544
5308 2942
9456 3483
6043 8304
3439 1820
1155 8660
1755 2747
7291 3698
8050 8350
6721 2243
4767 3247
9848 6184
2179 4743
7795 7365
8837 6736
6001 3886
7056 2763
7105 7522
1686 62
5146 7716
4221 6982
135 2443
8751 9848
8518 3015
8182 1824
608 7760
8110 2810
4443 5018
5183 9878
623 4706
7049 6966
5799 5375
3684 3884
1505 5837
3593 2513
4259 461
5441 450
3660 4427
8425 9809
9361 7909
9072 6164
881 931
3814 8072
754 2341
4541 1359
3070 7509
7328 7075
7358 9958
8486 5179
7547 6821
3316 7236
2292 6986
5752 9797
1891 4386
5715 245
7729 3981
9874 2737
520 5881
8868 7461
9859 1369
4458 2687
6810 8052
2859 2839
9231 787
5323 2161
8161 443
4586 98
8638 7827
7875 3237
5378 3990
4486 6875
656 2965
663 5383
6633 2977
1751 667
7880 516
9627 8629
7277 2153
7980 6
7328 3061
4904 3230
2783 9025
9777 8466
5450 5062
3901 3906
3421 9135
650 4768
4165 9797
6208 7722
2631 5575
2719 7990
7842 7924
4794 4008
1080 8319
5157 66
9820 9625
8367 1198
8314 212
1981 243
3302 5441
7646 3801
3020 4335
2635 9010
5424 8390
8649 6645
9293 8431
1444 4620
5968 193
4625 8201
2268 5849
4522 7575
7496 5608
89 8439
7923 7142
2770 6606
9339 1058
1505 7901
5620 3756
2789 8818
4163 985
7304 8722
7328 2421
793 9933
3502 7044
7307 5367
2541 965
7066 6119
6840 3018
5829 7794
9464 1784
3658 6799
2641 8126
9761 4444
1294 8459
6364 9298
6745 2632
5779 4153
7611 2907
6306 6758
2031 1968
9499 5547
8721 6216
9190 5838
8521 7642
7244 1534
1218 5418
1965 740
3319 1749
7138 9996
4467 3151
4895 7809
4480 9111
78 9696
7485 2573
6446 9352
8072 2359
4057 6179
9179 1777
3263 964
2687 5577
8850 2705
1985 2995
6630 6399
6799 7964
8734 1758
3786 5591
1482 8486
9760 8287
1222 2990
2587 2092
3227 5611
6920 5285
5132 3024
8707 4783
1800 7239
1374 4332
1609 7282
6739 5003
628 5555
1273 3155
6517 5610
1295 6487
6630 8849
6657 6505
3480 5154
5874 6763
8726 4957
6476 9595
2574 3123
9997 9023
9279 1619
2457 2049
8 4183
4233 2444
4574 8786
2685 9170
6203 8587
8041 2945
622 3284
4419 2784
1760 5551
3339 8607
6077 7122
9424 4205
6472 6952
1265 2238
8378 9997
6300 7372
7189 3123
2699 1380
6374 5281
9313 7210
8972 2984
5498 1880
6139 4992
1221 7250
7491 6111
6837 3856
4295 6417
2291 8629
1178 2168
3659 4354
8267 3029
3871 9967
4509 2147
4325 1079
1659 464
7715 761
4725 5551
6776 2530
7618 453
1024 94
8238 6369
9282 3869
3818 4334
6946 2770
1277 5803
3778 458
3377 7393
9511 1502
426 8334
9037 2602
4050 4256
4525 4426
7395 6640
9705 5917
5344 5760
5666 8070
4456 8491
2514 3045
9608 1012
9121 2776
8514 5897
5209 3060
2987 8153
9387 3292
7837 7956
2778 1324
9296 1831
8548 4195
8682 7663
9686 1027
3243 1206
9535 6929
744 7554
7981 8620
3559 3862
3396 623
7600 4211
8989 4849
9032 4847
9233 7150
2533 1012
6799 4819
716 161
4155 1375
9127 7029
8827 2685
307 8936
7559 5040
7191 6310
307 9325
2026 4790
4736 8549
9741 2780
9020 1513
9636 8477
736 2250
6208 1324
3437 224
8296 7138
2176 6710
2636 7328
2881 5575
5218 4375
210 5973
2724 760
9625 2068
5245 8849
6710 8493
6783 6561
223 6779
6719 1510
9403 8285
5275 2489
9279 4466
1486 7181
7490 7600
396 6667
2052 6777
1301 1467
2942 6459
8123 8257
184 4590
167 6247
1470 2934
6062 5029
5106 7069
42 9613
1290 3590
7494 8943
3052 5867
7898 3738
7549 4246
3007 8822
6423 5626
9079 8433
390 6306
7217 8881
238 9525
4800 5066
6684 3241
4308 1109
7920 2616
8881 1777
6798 9389
321 8118
4619 2648
6986 6072
8218 898
6224 586
1254 1947
1460 892
2487 9724
2905 9359
4850 4001
6798 2334
7982 8121
4538 2948
7390 2920
9165 2382
8634 8514
9395 999
7999 2195
7159 3946
6158 1714
7532 1390
4804 4312
9309 88
3400 2697
9608 2407
6095 7354
1278 1915
2332 2871
6796 9118
526 9734
9931 4093
9195 270
6595 7799
7624 4880
9143 7456
1089 7279
2635 2920
967 3805
1848 190
8139 3736
3172 8272
9680 4158
7342 5867
2055 3187
3419 1669
9108 2943
6675 6218
596 1827
4108 6740
1286 1354
2191 324
8441 6906
5056 9697
5143 4048
5137 5416
45 755
5699 9465
7009 2143
3642 3641
6017 6433
6833 2703
8612 1591
466 6721
1031 5508
903 1870
3926 4994
1974 7799
5633 7695
9487 6180
7124 871
5224 1675
1092 6111
5815 9746
2042 9361
4113 7851
3094 6665
5782 2059
1144 2673
2033 712
2230 3081
301 4489
563 8205
6888 9534
7288 7843
5891 2218
5521 4823
5097 6181
8418 4280
9661 1213
8955 1037
802 3275
571 9791
341 7534
5830 7208
7404 3078
1167 2660
2532 7435
3923 8906
9065 5906
335 9813
5619 3817
9963 8239
1270 7149
514 5447
3456 9810
7921 9315
9119 3714
7115 6504
8109 5684
682 4483
8457 2949
2765 4888
866 3331
6805 4061
6684 9163
4603 4532
7334 782
7230 715
3625 403
3682 1961
6367 2319
7477 5607
9915 357
302 3994
1339 6724
6912 5704
2394 9134
7583 9125
9312 2315
9570 5040
7267 7514
3878 4722
6594 1099
8305 1820
7029 6048
1245 9111
4690 6254
8346 7885
5157 1073
4132 6628
4095 1633
6504 3603
5060 6430
1408 4908
8672 4917
7676 5532
2804 9662
8306 4874
3397 4668
2332 3607
4285 7415
3114 9492
9987 559
7379 4230
8264 5609
7494 5608
1912 4826
2770 5979
7983 3286
5903 9596
5669 5890
2675 5079
4193 4457
6168 7630
3874 3267
2558 8011
2361 7270
9989 1882
2765 5775
3226 1006
9206 6821
231 4446
523 8327
2840 467
3275 5910
9977 2192
6887 9560
4694 6384
84 2998
218 708
2629 7397
2392 7593
7624 5745
1427 8380
5432 8681
9643 9837
5440 2521
59 8285
1895 563
8637 3188
5844 3832
9866 792
2803 8680
2973 8854
9902 5345
6010 391
9802 2159
2759 4542
1969 3299
2685 202
8189 3717
3957 6705
1840 9528
1159 6527
5189 347
7299 6799
7218 5279
9425 5455
7639 1379
6184 4956
6007 4231
3664 2948
4674 7177
9744 5385
6717 9427
6704 2351
7999 7662
2591 166
5115 120
3515 3165
5693 3792
2222 6182
3488 8170
5324 2287
8818 849
609 1832
901 4706
7720 8134
4120 3454
4554 3339
334 5333
616 4765
1304 300
7210 4491
6621 1568
874 7064
5442 5178
4156 7558
3792 2238
4145 3434
3310 6833
1683 1824
9159 7401
5963 2596
426 1160
102 2370
669 2194
6888 3249
9447 6630
5109 6645
5341 5857
8523 9261
4558 3125
370 2772
9496 8559
3997 8102
5402 4641
4650 1516
8618 2752
6918 6242
2613 9977
9287 6595
8088 7238
9987 1959
5796 9655
9921 9741
1766 3203
936 6024
4221 7315
4624 3675
2828 1287
253 4610
9647 2361
8392 4263
8602 2939
3845 5666
4703 9610
4129 2421
1232 8297
9297 3593
7096 8598
2998 7962
5061 7905
3883 5331
8327 8968
7271 235
4288 8789
4686 8647
8008 4100
8775 433
838 6528
3444 6215
547 1599
2087 9762
7733 1031
5903 459
4809 4401
2033 2512
8178 6036
3849 7875
6151 622
7315 9467
5729 7736
4545 8120
164 4160
6510 5505
757 7938
9839 1771
3652 7548
6233 5035
8240 2492
9831 2717
4919 8092
5519 388
512 2435
387 4346
9052 5527
5913 5123
2789 228
3224 1045
210 9909
5109 7962
569 1546
5829 9857
7707 50
2207 2934
8910 7211
2771 4180
5801 417
6651 9450
8394 4337
7132 6427
819 2601
2711 5612
5434 9378
9906 3779
4489 1553
5358 476
1102 982
4843 5454
4916 7685
2569 7585
3603 2347
1414 5355
2 3605
3783 5982
3656 474
9 99
6981 3003
6452 1152
2335 3926
7581 5118
6470 8333
7490 5490
4018 2249
8772 682
56 6291
4574 595
6503 6158
8708 6651
955 6275
1167 3359
5502 7446
8580 1257
8059 3837
6849 7637
3516 7281
8519 8474
4832 4757
7576 8487
6598 1963
5795 3057
1679 3884
546 8658
3587 832
2375 4525
5343 9822
8227 4926
5731 7988
159 5034
8001 3982
7457 4498
2973 8367
1178 248
6200 5517
4615 8385
2718 7046
4369 3965
5730 1168
3723 6027
3367 2826
26 7624
4378 6866
5312 4677
6626 4952
7539 7464
352 5305
7076 6805
2982 9589
5519 9211
566 1291
8177 6083
4976 3066
4602 8203
8179 3740
1855 3266
2927 1686
6388 2946
172 2310
9292 4925
6195 7208
1136 8377
7170 9831
4849 2518
742 1227
1333 9257
5460 9862
1144 2853
7697 2005
1938 6042
2851 5498
7422 682
4070 3154
3133 3095
4914 3947
2523 4671
2266 7294
1781 1054
7078 4670
2763 6191
9028 4659
815 8179
7245 4294
3275 9558
5207 8996
8547 2183
8678 7348
5734 5720
4433 3933
5932 9632
3838 8732
3214 8676
151 7604
2639 1523
9629 3802
6039 8305
2787 3242
2882 3926
9424 3899
3502 656
7609 1779
2925 6009
4320 2294
6829 50
4825 701
8820 4646
8070 8106
4451 4583
427 984
8424 5618
2344 4205
7144 9594
3346 5513
725 3361
6543 1384
3379 5550
3168 6874
6844 1685
6677 5763
9079 94
2624 5539
897 9306
8956 1032
1413 8931
240 6184
6020 6264
5139 5662
1279 4147
359 3312
6802 8627
8739 5642
3732 1336
3159 1114
9916 4148
5573 6156
8684 4918
7049 6188
2755 7808
7973 828
1935 7512
7220 3769
181 9091
884 4855
6191 1564
3534 8256
9200 4702
9039 1589
1307 7793
392 6545
6410 249
9807 2084
6186 4715
9533 5174
9190 1533
3126 1745
3040 8707
4762 2788
3109 2484
3575 1209
1732 8108
3576 1462
4904 6603
2176 739
691 7576
9320 6348
4226 3740
3303 4630
7404 3232
8989 9922
2400 3556
3111 5921
1150 7642
5431 6352
9981 8368
2458 2980
4923 626
3387 1611
5445 9584
3799 2001
1341 9622
1303 2299
9867 170
9285 9039
4373 3296
1492 3956
3151 7065
2022 1632
9655 5362
7493 257
9159 9852
2655 4843
275 7287
5794 3779
9729 9137
3760 1485
9929 8015
4349 6995
7922 4853
3418 1572
3513 5025
2279 3011
3579 3173
2481 6367
4350 3599
2961 5348
8768 6552
1524 4883
9891 6299
205 4322
4976 4971
1489 2338
6930 5551
4411 6425
9617 393
3487 9176
245 4728
5161 575
1619 8732
2878 3209
4754 1633
8284 5471
5007 5380
9370 4292
8120 2
5604 3611
4219 4749
9816 824
621 8950
9720 7211
4096 5071
7904 7770
4405 7705
5809 3758
4320 9648
8529 686
7283 617
9958 6741
2283 8848
8305 42
5328 6322
7172 6059
1644 790
900 6551
237 7433
5285 8541
9121 5089
6665 4526
4263 3553
7609 3592
8452 812
1284 7008
3995 4804
529 7213
39 1787
8659 5127
4634 5458
5591 3114
2842 100
9820 7570
6323 6101
301 4371
7926 1832
4239 6668
3427 9099
600 4165
9804 7676
6500 7434
5332 9325
5536 8256
4 4986
7012 3633
1540 7961
1673 4440
3470 2985
7956 7090
3961 2947
395 9779
8009 6387
869 6076
1245 5605
2324 5735
1685 7990
6778 7349
4094 7614
6711 2885
640 6174
9134 1429
4846 6929
2713 7557
4261 5580
319 9639
267 4082
4255 4837
7318 4202
2116 3937
8682 7546
1552 11
101 1535
6774 8801
5182 7719
1615 4635
8408 1140
2785 189
6528 3972
5206 8659
7063 343
2060 9682
3113 6761
8299 2306
3299 2966
7128 4053
6627 2087
2468 787
9704 4409
9684 5230
8395 5353
8265 1918
2397 9998
975 8769
5109 5572
9760 9346
8260 6520
6510 2756
7632 7966
2259 9524
1207 8120
1732 9889
8183 1360
6808 7787
4290 7320
4372 8698
6331 4919
4730 7852
9699 6955
1002 8652
7125 8333
705 4297
2920 212
4632 7986
5977 3515
3534 7173
5608 8011
2277 8961
3408 8184
1768 819
4221 8971
1939 8686
6601 6534
3403 6618
9949 6054
300 9497
3743 7432
561 8386
1474 9142
4323 8747
5710 6848
5438 1142
3846 4830
3330 9713
2274 7138
3910 1304
9601 7223
57 3527
1318 7455
2249 8229
2525 851
5978 2748
5404 1301
7251 294
1926 8260
2375 6575
8152 4365
5530 762
3608 2391
66 4848
1261 2741
429 3254
7049 6036
8897 2781
614 2077
1 2383
6002 8958
7709 8934
1378 5729
4217 6442
3797 2177
9109 6482
6013 8053
6348 5669
4304 6456
8029 3024
7437 5913
6532 7302
5851 5653
5939 9166
1024 9360
6473 8882
2887 6754
2989 3517
4908 7145
6656 5957
7235 5198
170 6456
5343 9042
8124 721
130 2601
8910 6686
4215 7672
584 5292
9844 7376
2612 5640
6981 6306
7229 272
7719 8057
2556 5768
9288 5415
4899 3593
2975 7580
5483 3873
3791 6134
1390 167
6166 3246
8041 8656
8873 123
9780 2512
3034 5206
4609 2242
8082 7156
5283 7172
4019 2832
4191 1705
7039 9284
9192 8426
6315 1229
378 7774
5651 1856
7224 7070
1337 1298
1944 1649
4886 694
7771 9184
3186 6846
4942 6001
9286 8693
4827 6286
1022 6922
280 2453
3056 6855
2736 4077
4813 6706
1773 2014
2855 6203
3116 4780
3269 4524
9489 583
6222 5133
3828 6725
656 8941
6890 8896
1646 2441
3156 4674
4607 4924
7761 3365
945 682
7983 5505
8878 158
449 3588
4971 3373
4290 5160
2073 3138
9384 3349
9598 3126
8977 6207
4150 1660
3365 7868
7970 9268
3431 736
7956 6022
2997 3080
3103 8754
4818 1977
6451 4146
9004 2028
6227 1626
5785 4506
5741 4857
1164 1443
1813 9267
9298 8074
8310 7089
3069 8963
4612 8097
1072 8105
8950 4223
4877 8424
1465 129
939 3319
6477 4553
4505 890
9126 7937
1349 5590
6937 7523
7401 3251
1705 1296
1725 4357
9619 8123
7505 4075
5392 2039
5345 4357
70 4853
4233 8525
713 5661
649 3912
1491 6227
7653 9417
2470 8374
6215 6141
9714 4831
2336 1505
3304 8742
1173 7765
2061 381
3778 441
7608 2560
7687 1088
5371 578
7629 6147
4444 8065
1725 9310
5662 1801
4766 9530
2403 328
1018 4444
2512 3074
5535 3520
7056 426
564 859
6483 3155
2348 3491
2963 9112
7169 3410
8785 2720
9683 189
5722 6685
8043 7445
7659 6600
7241 2761
6633 2810
2942 5601
787 590
9675 3035
9101 867
462 178
6595 3387
4669 3131
3246 4136
7882 6009
9986 4334
4754 2842
7404 7283
5352 3649
515 3386
2397 8250
5319 7096
8590 1470
1720 148
9467 331
5197 7110
6985 9427
9476 5337
9482 3719
8106 8497
9931 9266
6474 4820
2436 5743
6438 4196
7728 1188
8920 3021
3349 6189
4333 2745
8787 5655
965 9323
4740 998
9788 8720
9813 3959
929 4611
9235 7775
9593 7831
2523 6679
3382 7749
2203 389
4915 4003
3141 3138
8779 9414
9138 3214
6517 8353
2554 2988
5400 9939
7703 924
5717 368
91 9590
1009 5744
6215 8582
4334 6594
3518 4519
1116 3554
6894 3832
6601 2742
1423 3940
2216 37
3137 5881
191 3256
5616 966
6997 8883
6383 2772
7568 7179
1079 9082
6578 1761
8927 2782
6731 9702
2928 7299
6872 482
5022 8960
847 8945
984 1372
6078 6230
5623 9761
3991 8974
1138 2393
4329 7379
9923 3789
13 6052
148 9409
7405 3738
7387 8997
8147 6508
9189 6257
7797 5065
9629 8139
6813 4385
6251 7309
879 835
406 3739
246 7028
7887 1239
4571 5088
8024 9488
5633 1287
814 9964
2927 1958
2806 4717
7028 2355
7456 3555
5011 2721
7176 2863
4563 1242
7037 7164
9094 1472
1749 6633
4783 6017
3597 4365
8208 2626
9398 1928
3165 7617
8187 7879
4161 2676
9820 5762
6937 3669
9181 4962
3406 6486
2229 4343
2376 9831
5857 7526
9126 4664
9820 3349
2697 9204
7599 7775
8504 712
1716 9477
1740 4219
3924 1723
6747 4410
591 6089
7108 3583
3328 584
9285 9741
1193 8330
5564 4937
6161 4886
2360 9854
7496 5014
1361 3320
3439 5675
4243 4807
7244 3379
5111 6802
1020 3441
7350 920
2332 5015
389 4398
6768 5152
296 3575
8566 9998
7826 5351
8906 1945
6843 3494
2772 8595
2241 8230
2702 4804
3876 349
5924 725
1747 9612
4348 8841
1399 5045
7079 2275
1557 5704
9099 7432
3097 922
3300 8089
798 2783
3359 4780
4797 3555
7856 6181
2200 1515
1196 4146
4291 3611
8545 4103
6042 7950
1921 2332
2544 9436
5463 9552
2160 859
3499 3379
9321 48
4829 9266
4360 5033
4951 2432
7687 518
4988 9794
8142 3798
2351 5122
7236 1678
8790 2368
5090 232
1412 1013
4422 4048
2179 9083
8309 751
2896 3711
9851 5347
4441 659
7690 3950
8263 9539
9903 6188
658 2869
1211 7475
5833 9268
189 9731
305 6551
6684 9380
9535 9754
1769 6950
8357 9269
4040 6339
66 1970
9614 5230
3150 927
1285 8840
376 9886
2998 9518
3377 1729
2261 4347
9829 2731
5029 3969
2420 5721
4965 8814
8546 6325
9643 4688
4598 408
1991 7199
9410 9657
4402 1129
9907 6469
3456 5198
4420 6607
8340 77
5308 3282
425 5331
951 2198
5063 282
2381 3037
5719 6776
1440 7028
109 324
6319 5526
9103 6133
3195 3294
7240 1522
6655 840
9123 1624
4985 6759
43 1489
3637 5141
1602 3728
2792 8948
2899 8940
593 6591
9383 5600
8146 4546
9366 6286
9825 449
5501 1536
2805 3278
3150 2689
5915 972
4968 8405
3937 6822
7666 9701
5528 6162
498 364
7052 2795
7938 8579
7134 2793
8322 3028
9861 3845
9749 3451
676 2825
7646 4165
7590 7381
4152 8651
1919 5950
6309 7543
3858 2465
3169 6277
3836 1384
8010 1483
2687 3411
6699 1758
9024 1071
6273 2793
6788 5786
2428 8356
7487 7335
1708 2251
4303 7864
897 4771
2539 6038
2246 6973
7789 7595
4394 7108
2556 9913
9213 4597
5233 9864
447 917
9540 3425
4812 6121
3218 6457
9533 7178
8370 2371
1907 7811
3602 4621
1346 8470
7226 7343
2964 507
3646 6660
9364 3911
5800 6253
3139 789
8827 4933
3626 2220
3919 5204
7036 3962
9609 6172
8881 9231
63 6708
8080 6183
7129 5534
5324 7095
3426 4554
4311 5794
5795 9911
4663 6713
8588 473
9346 6801
4137 6664
4689 3159
9317 2010
8641 3450
9796 3461
9666 7239
9516 8950
9129 8988
2340 2686
3599 959
9049 9429
217 5215
4650 1808
8618 5622
4932 8369
2591 7016
1094 516
3586 2859
2353 214
3320 5872
4578 8518
1917 4457
9156 7670
3151 3480
5843 3997
4150 1174
7124 4791
495 723
4827 6184
7597 9619
7538 6271
34 3049
5743 3994
1132 7842
5422 4975
3219 7625
8054 2623
8475 4376
281 1972
4788 2568
243 6794
6699 1292
6700 8558
8512 9141
4088 857
6148 1622
9487 6424
6832 2367
8583 6709
80 8265
7489 4611
2475 2283
747 7883
8127 8774
8400 9781
1238 7303
6802 738
6059 2665
1433 4357
8985 2474
5498 4450
4647 2911
9781 7893
48 3279
4581 5960
4265 3919
9653 5340
76 2744
3340 9788
9253 8293
5637 3080
7805 8775
5936 1320
7875 9346
9811 3449
9253 5049
9873 279
3338 3764
2123 1271
3352 9884
3120 3460
1872 7905
4438 5321
4369 4359
9699 229
2101 2721
2139 8982
2374 3489
450 4827
5162 8035
7526 9768
1570 5601
1555 8385
805 1441
370 4074
1300 6375
9449 4161
3723 3843
7457 5924
2496 1512
9097 3848
1770 9404
1024 7660
7072 4790
7526 5693
2279 7485
6550 3426
5291 2080
4913 6764
3277 1650
1739 2222
2105 9029
6830 6105
9731 1324
1064 7758
4001 42
4693 411
2098 4508
7249 4726
6048 5421
1642 6622
3788 327
1338 1263
8084 1036
9460 8500
1915 7860
3311 2045
8117 2273
8885 4713
1880 4336
3190 9105
871 702
12 91
6591 7983
550 5183
9839 3628
6510 9860
3002 1594
9550 5965
7347 4318
9125 1844
2167 1979
9266 1312
2105 4095
1489 2043
155 3248
8540 5839
5579 3317
5018 3313
7813 7890
231 4318
5233 7854
2155 4777
2344 8046
3520 2098
8149 78
437 5879
8289 5727
4828 7420
6008 6664
3482 2376
2162 6970
4440 326
2251 2454
3933 5975
3956 4620
7772 1830
9691 7322
227 8924
520 5941
8626 7165
890 2800
7603 8746
5644 7718
1895 5752
585 5982
9131 3806
4199 8391
7734 3394
1053 4957
6867 8405
2197 114
7220 4376
7373 8601
7366 2258
6298 2439
7549 4157
4351 4637
2672 7871
4723 9461
7953 9120
1694 9593
3080 6567
3376 2466
9297 205
7824 2417
3107 7125
5265 8787
6062 2347
4902 9009
6944 2456
1481 6257
9264 7178
9722 7687
9227 949
9397 7881
478 3063
126 4701
1743 3451
2578 8929
6867 7246
6325 8544
1268 365
4618 8223
4429 7095
7397 1704
4023 7118
9263 4354
6693 4858
3333 1070
3282 5893
327 7125
7774 5758
7681 33
8610 1578
442 5680
2541 2765
7632 5667
5230 8127
3180 4784
2141 1145
8271 7493
6432 4891
9742 9469
8627 2585
8108 9061
9780 7186
6502 1396
1743 6970
9158 1402
937 3221
5561 5927
9105 3473
1402 7144
9826 8526
1181 836
5053 4966
8834 5524
4387 3992
5590 1171
198 5581
9077 7086
670 2891
1825 4287
3180 2221
1929 1023
5299 4449
4074 1980
91 4965
3144 18
6514 4422
2188 8888
7679 2768
8796 3847
9183 2395
2102 9490
7969 3440
1646 6218
1939 2999
4887 8437
1935 2764
4417 6347
1209 2703
9844 840
7064 1301
7496 2753
3571 3612
6338 9947
4300 6036
7028 5852
5614 6490
263 8843
3515 7235
6917 9687
6978 7619
3754 797
6217 7282
4748 2989
4543 5198
2053 266
990 7367
4403 9645
5743 9917
2809 4106
8526 6298
9223 7229
1150 5207
3113 7507
5770 4939
3276 4338
482 6021
56 181
2642 9066
7726 9914
5996 8982
3266 9916
7702 1337
8648 4978
6132 8208
7041 3714
9512 2719
2639 9596
3808 2471
3512 7079
3741 4038
605 4992
7729 310
9599 4058
5495 4141
4758 2904
2181 3609
2625 6826
5703 67
1244 7143
6083 1124
4270 4695
6137 4984
9442 8957
7050 4321
9546 6920
5619 6939
4745 19
5631 5170
7509 1322
278 3317
2655 3388
1012 3988
2858 2274
3078 1450
60 8746
8863 3683
8228 4763
3277 1102
9302 280
8769 9629
1097 5133
1902 8078
9312 8822
2801 4741
3772 589
6824 286
3671 2271
6649 3432
2820 7764
3292 1235
7835 7571
2322 4236
4259 8871
4232 6077
31 8824
3123 7037
9214 8061
7893 2742
9495 4740
9994 3182
5132 1582
415 512
7348 8815
8511 2053
9500 1182
3320 4816
1034 7876
1134 7310
4350 3057
1821 7402
6556 7140
3678 6379
1757 6285
5086 2206
1650 1871
2848 4692
4833 1269
7698 408
362 4996
9445 2182
8443 7221
117 6747
3559 1507
6264 4174
4802 1846
7245 8842
6318 268
9545 5935
9404 4062
6384 9491
2612 4932
4605 1574
6755 8337
3889 5557
3033 9370
4969 5714
1951 8583
8509 3978
9404 9894
2318 7202
6785 3944
9310 5886
7112 3034
3050 2960
2286 2928
2220 8041
6334 6087
4867 8458
1261 2217
7088 1865
1368 5180
614 3122
7325 6429
6870 2357
9287 3242
9700 647
9798 1089
2242 9947
772 9983
7668 127
1158 252
4844 1344
9805 850
2173 9236
5070 1318
6958 8584
3920 4662
6937 9802
7117 5668
3709 8990
8518 5717
2744 5286
8833 9371
5677 1408
4150 2377
8834 9340
9199 7619
3113 1563
4245 817
7565 2956
180 1238
5834 6386
7133 7547
845 5745
5935 2856
655 1733
2707 7073
3834 9207
5987 8767
225 8034
9285 307
7754 4966
721 262
9477 3978
6504 958
3864 8068
4273 3757
1951 6963
5811 6913
5024 530
3359 5393
2319 9263
3393 5601
7880 1490
6583 4821
5390 4874
8762 2890
6462 8740
5801 5294
4778 6224
2796 5390
2545 3571
7281 9431
3780 4993
7310 4133
3567 1729
7956 709
6710 9877
1775 2622
8070 2355
1757 2849
7899 4641
6712 9066
5379 3447
5489 981
7324 768
2949 4241
8264 3547
2536 9155
8142 7571
2780 8357
3887 2621
8602 4456
9697 6217
7762 8639
841 3827
5912 6077
9230 8006
6617 419
9372 9161
1105 1127
409 5993
1346 917
3507 9921
5189 1693
6286 5711
6883 1840
8527 1005
5280 1094
9052 7000
2722 9350
798 834
8126 8492
5227 8784
1111 6463
750 6905
9731 6394
4629 5783
7678 3346
8789 7114
4655 8027
4969 3990
9203 671
4199 6473
4018 7991
4333 9149
9502 2747
428 9967
9732 1648
6811 6897
4845 809
8242 2860
2645 6067
8579 8552
5787 5503
5380 3046
6047 1767
7710 6712
1378 534
8085 2997
475 7
870 3946
7069 7125
8369 8384
8055 2384
6652 7897
5241 6705
5431 7296
3511 2109
9879 9643
4422 439
835 922
5973 7866
2318 1579
3102 5768
3322 9025
971 539
4394 1476
8067 4564
4088 6411
8407 9716
2472 3521
7513 7169
2899 2744
2013 2
7423 5313
7534 6104
1037 2572
8875 9208
1972 2884
7780 7054
4054 1215
4286 2054
8090 7781
7970 930
4231 546
4234 4162
7814 8617
4864 6011
6192 2692
415 4948
2523 6144
9727 9836
6677 1594
1949 6464
6629 2201
6857 8623
6590 8885
5807 9163
7817 5244
4266 9727
8958 4287
1648 1308
3014 2342
6407 2913
1518 3167
4603 7686
6105 9263
2881 4268
7662 4270
9499 8025
7333 7351
3493 9911
7056 1711
9844 3116
480 6662
2346 4770
6577 1760
3906 3364
6510 379
9014 3911
5392 2848
3144 9269
5460 7594
1658 8154
4856 9644
2696 9788
6048 7395
9108 2327
9307 828
1666 6326
1903 9815
2603 953
2777 295
8951 9815
7615 7819
5625 1266
1228 9019
4166 669
8110 8576
2285 9249
7262 7305
6918 1992
3405 5501
6718 590
5973 5706
1610 8595
8710 1397
8462 7847
4428 3659
6727 3389
8360 3902
6185 5722
9460 4891
6326 2567
4149 3553
4481 2118
5022 8331
6897 8617
8183 833
9611 299
9383 3975
3120 891
8200 8362
8871 7322
7992 7879
5752 7706
9485 3806
5108 1035
3233 6319
2494 38
8584 935
6255 7463
2240 9800
5034 7823
8989 4697
1595 7052
8795 4416
4899 1089
2204 8512
7720 2960
3133 2490
2513 545
3182 4831
2999 5
9326 5573
6792 3229
7017 4174
4122 1799
6374 4179
3133 7896
4962 5687
1318 3790
7187 61
4598 903
8862 3289
1228 8194
1087 7013
2536 8574
7755 1923
5287 5729
5741 3034
7112 3447
6469 4725
1875 1669
151 3700
759 6288
2067 1151
5484 8010
8962 8270
4375 9728
2626 1922
9451 8298
8510 1641
2873 7781
9635 5989
4402 5261
3865 2120
9772 2208
4798 2360
86 3192
680 4792
428 8951
3322 7833
1706 6166
2486 1662
9584 7958
5838 8145
2008 8503
7782 9062
1050 4926
283 158
8651 1436
18 130
8674 9387
5391 9086
8032 3006
695 2085
7075 2241
5809 3129
2753 4280
1762 8468
1711 7672
7433 5037
9129 1937
6016 1322
9445 6755
3073 8838
3772 7523
7335 4078
4224 4669
7416 1365
5772 8083
4315 4443
6558 7278
1402 4972
3794 1552
6682 42
555 8996
8992 6911
7616 9475
5704 2872
6472 501
7916 6893
4366 6173
7455 5540
1988 9636
6104 8716
2145 8737
9394 4291
4189 3568
4538 128
8963 8903
1020 2675
2172 3815
9510 6718
5251 1431
6646 6127
5387 9983
6468 1425
303 5051
3303 4839
9142 8244
520 1956
5884 1603
8632 5519
874 1348
2855 51
1652 7678
1918 6872
9659 1760
2453 2476
3043 2829
5199 9306
7564 7100
3835 1951
1695 6804
776 5688
4702 2732
6818 6194
2191 5734
8651 3134
6393 3307
6217 9882
7627 8257
9430 8011
3800 7166
6297 3091
3622 9457
192 8873
2824 47
8711 8514
7689 2707
2256 5943
6741 802
7081 7283
873 3723
724 9148
2442 2294
1718 4690
3220 4456
6864 4854
1305 7189
3828 4006
827 3452
624 1919
3180 2058
944 6363
9527 8259
459 8406
3680 3230
5197 677
4859 4237
6030 392
1723 4274
8411 6690
2544 6178
2459 9107
1266 7914
700 2753
5232 4515
5591 5036
7577 169
8884 8270
9183 8987
8833 6812
9167 5963
3128 1435
4289 9737
8025 9724
4943 5291
4917 5156
692 8005
7733 8303
7602 9790
7788 3634
6173 3342
5181 2038
9035 6462
9186 8738
3423 7929
4298 6857
6248 5862
4271 3365
1343 6659
4924 9970
3246 791
9425 6922
7545 9978
9968 694
5836 3767
3227 4145
7097 4991
3655 9211
7762 4694
4959 3178
8028 5116
2312 9647
402 3357
1266 1417
5083 5953
645 9461
7044 5941
8049 6718
3245 5373
7924 9597
3790 3610
1346 2464
4190 1497
1133 5876
4909 3285
3107 2609
7749 536
1279 9169
9197 5388
7644 3430
5428 4016
4598 1570
1060 7830
8984 2609
7361 8209
6590 9232
8220 2368
4926 8773
8856 4946
2007 97
850 3201
2607 3980
2390 1836
1162 8359
1878 6410
2326 1513
4704 2179
1532 556
2177 5173
2324 5988
8141 2635
2785 1882
9881 5147
4600 9193
1982 5823
8903 9709
4281 7531
3644 7292
1973 2894
2278 1188
3030 2750
2925 1943
6205 7500
2631 1751
1332 4421
4165 3088
9777 7800
5000 7126
9807 5185
7453 7726
1360 4109
567 5422
9337 8326
931 3661
8637 6346
2120 5402
8753 99
8385 3129
4042 9869
5040 9200
7859 6561
3073 2346
2601 9544
4424 6798
5407 7255
7075 4910
9244 3580
9318 120
9493 7198
1838 4760
4950 4210
867 608
9156 2234
1772 7872
6852 5097
3580 9136
2342 7032
222 6019
1734 4175
8280 4479
8297 6628
1047 6525
872 9444
5731 3385
7890 8508
8881 7554
6306 6677
7192 1279
6464 2640
1165 6809
2750 769
4979 5828
1918 7382
6487 122
8214 3439
2428 6759
138 7732
8427 357
3260 4688
6062 1937
467 2979
2817 7831
2068 4847
6357 504
5296 9698
733 7232
3818 4785
2 7633
1375 4196
8541 1743
9224 8789
4913 4957
6132 5296
2752 1794
3531 7943
1320 6378
5030 2416
3503 5055
2073 5860
8642 5354
11 7241
1901 2305
4195 4486
3389 1562
1686 9996
1590 9484
7856 6894
9136 8289
2698 3610
5498 9508
7998 9507
5271 6442
4940 166
9570 9993
2835 9018
4418 7530
6323 4643
1757 8212
7296 6477
1708 7468
3040 9459
1460 2852
455 503
2077 8974
387 8647
4399 427
30 7203
7923 8178
3515 9837
6395 9286
5152 583
5199 4231
876 5325
893 132
2464 2751
4028 9077
4337 8306
5068 757
9560 3264
8942 9431
4012 5720
7158 7678
3954 1625
8964 5717
9218 2515
3883 8148
1093 3220
5420 2665
456 8421
6927 7296
5726 6136
938 5096
9047 2764
9071 9323
741 8740
3902 6870
9842 6164
8852 5279
705 1166
9160 7274
5388 6025
1729 2213
5884 645
3793 965
2249 9381
6696 7445
5398 654
2368 212
8182 3828
2285 4382
1489 7519
1332 1653
1932 6316
1969 1505
7643 15
8560 5721
1473 9651
5537 4390
5894 5557
9833 1412
4293 3043
765 5603
1804 7254
4226 9872
9419 4880
3547 5038
7616 1206
4016 2247
3691 2093
1099 7524
1045 6868
3211 7547
229 459
7631 8281
1184 1228
9090 8196
9700 1858
7124 5274
9880 717
6271 7538
9399 7558
8678 4442
3605 8604
7375 819
2524 197
3200 4298
2049 7522
3153 4830
2422 1890
7809 2885
5146 6252
6182 1653
7182 7245
8510 9131
4168 724
1160 3568
8924 6940
7805 7384
1052 2349
5149 928
2522 1786
2339 5498
2554 932
9239 2014
9441 4101
2983 4160
5856 2235
1478 9457
5586 361
1116 5958
5607 4339
8970 7744
438 9660
8690 1649
1877 7460
3527 7142
7972 173
7436 2725
7570 7162
6489 8730
4760 2644
6969 9433
8295 9155
5608 1731
2556 2521
7362 7520
6814 2953
4752 5554
7594 3045
7402 4625
9310 6156
752 6868
2693 9813
2292 7436
2524 5192
1580 1547
2659 1835
6545 8497
646 2607
9323 4793
8274 8252
9161 1741
3710 2488
6084 7820
469 1665
6078 4779
8353 5824
9906 29
1744 6985
9900 4953
3556 5210
3084 6682
5358 48
3781 5773
7712 5277
1538 1023
9526 2713
6404 7084
2804 8226
8732 3879
6209 9184
4163 8512
2740 4111
3233 4244
3644 370
966 9874
3442 106
4402 9065
5817 6134
4100 2936
9163 5043
45 3456
6317 3363
1873 6633
4957 5744
1467 9243
341 6119
7585 2402
9096 9805
5126 8200
9257 5683
9389 9676
6191 2893
543 6196
1950 357
5431 9529
2338 359
9499 1684
4367 2104
7121 6989
6557 7930
1759 6387
9296 9605
4158 3284
417 2631
6361 9458
3156 5309
3178 2839
9649 5072
3554 8969
8616 954
7125 3123
9524 8948
7096 5420
4283 8931
1396 954
2633 8791
9869 1606
3486 7568
2352 2167
2764 3734
6352 2333
5823 671
4953 4542
244 4398
6606 8788
7531 180
4971 1498
3393 7585
2502 5567
7585 8817
4100 8432
4736 5476
6088 248
8417 9846
6969 2480
6584 5940
7776 3632
2034 5081
2910 8154
2971 9017
6565 4334
9159 1511
9070 3299
1547 8496
8911 887
4197 493
1464 2061
1507 3255
8137 5676
8690 1994
341 8852
8577 714
795 342
8719 3831
4122 9972
3650 9808
8660 2568
4691 8607
430 5770
6705 2154
6764 3094
2272 1565
7139 691
147 1606
1481 3178
2586 6082
2914 6049
4172 5567
5303 3324
8129 778
3732 5383
8967 7349
938 4915
8020 9540
7735 7031
1787 6122
353 3689
7211 3290
3233 7540
3755 4551
9726 1894
1659 7334
5797 5006
4275 8630
4745 1306
4246 9704
9981 7871
1397 9139
6218 8110
2700 4576
6358 5309
2362 1238
7283 8341
6971 9246
8626 9983
317 7736
5139 6435
2839 7777
2003 8007
8836 6015
1055 2183
2703 7642
1749 888
65 9717
9324 4010
2212 2816
1502 4410
5486 2560
2361 3191
4449 378
3539 9942
408 6801
235 4580
407 9913
5086 2504
619 7599
28 4611
1640 2840
6047 4851
7361 2341
3606 1305
1289 7082
3407 1716
4421 7345
8034 5231
7734 6330
6049 1962
4248 4878
9682 8993
3135 6757
9166 5614
9905 5511
7978 1239
8670 9007
6065 6387
8863 9452
3376 8791
3421 1094
9353 6015
3580 2707
2396 8909
2630 3135
1492 8654
1311 1966
6730 429
3897 7911
6328 8277
8872 534
1915 1338
8214 5128
384 699
2397 3771
3054 4361
250 9339
6551 1195
4613 131
2703 3626
33 9180
5788 7801
3899 944
5073 3224
5787 3550
2058 5312
9947 1468
3117 5420
8699 7254
7913 7522
1345 5126
2722 1165
5205 4509
4257 1538
5271 7271
7658 7578
570 1833
4410 4712
6441 5325
6143 5794
5611 6857
538 9573
7409 5235
3745 137
4812 2967
9444 356
8054 4312
2160 8199
8844 3095
2429 9767
5343 9061
9386 6938
7772 4015
1950 2019
3074 750
7180 2945
9136 390
9046 8426
1873 1077
3336 4513
184 7922
3088 3358
6059 5014
6508 9743
698 3675
8755 3236
7833 9974
391 255
3545 5348
9212 685
4428 6710
8285 757
2086 5347
8656 2940
3133 7580
6160 171
6386 2283
4374 52
9424 3417
3199 7487
3094 2020
1439 6589
2296 1433
8064 6466
1177 8901
5309 3575
7280 9802
2732 4518
5881 8759
8087 690
8920 2627
9866 7092
3756 7528
8549 6061
2405 7711
1082 3648
7335 910
7679 1190
867 1889
9473 5795
3772 1455
8769 2500
6108 8256
6361 6532
4014 5312
8930 6459
88 352
5492 5354
3284 5293
2068 5186
6206 6618
3106 5991
4473 2174
6916 7063
8704 2279
926 9493
1045 6417
7391 3276
9252 9086
221 1847
6188 4318
8713 569
7504 3680
9755 8236
5534 525
3096 4658
153 6590
9334 8152
2038 7903
669 8846
6228 1425
9341 6733
4348 2000
4302 3580
7014 6137
8391 430
2629 2530
1396 6265
3869 1407
9550 7668
7108 3956
934 9671
1902 6608
5923 5027
3367 6327
6468 8958
3097 9843
4462 2489
6173 5175
6457 3649
4805 3954
7338 8309
3674 9198
2550 1896
6902 5974
84 8016
4879 7337
6189 1708
7096 2798
8835 2460
8884 5382
8855 844
3267 4682
4747 966
4209 4271
1410 4263
1225 3857
9167 5653
6859 6403
4209 7072
4790 129
716 3574
2397 8771
1239 3210
2109 4012
3117 316
3201 7123
5840 3070
3088 6164
6333 5024
8519 3196
9114 4343
2657 8516
5537 8762
9312 2515
1803 4591
1171 6670
1403 1089
319 7847
7968 9510
5681 19
9277 8525
9804 4734
4899 4001
8897 1968
528 2138
5376 6160
4201 3198
7489 8145
9942 3511
7331 3965
9707 9308
4983 1097
4955 6548
3953 7273
3429 5437
2467 1186
6921 3076
7178 8417
1100 4409
1845 4418
5551 5318
7954 285
2368 8050
4369 8599
4825 4411
8452 8462
396 5897
4441 9361
1330 8627
5628 9717
3198 5981
4376 7338
3165 5571
6251 8483
5368 8176
1617 3927
6509 7098
2297 5147
9198 7961
2028 7445
1891 2376
6131 4549
543 7479
30 6575
7355 9330
5349 848
1419 791
5179 9742
7951 3475
9378 8186
6194 8303
9075 6458
8845 457
1901 7541
5463 1627
3464 3567
5069 2465
5022 3266
4271 2131
9109 3767
6327 3189
5970 9344
521 3159
9940 4575
5579 1756
1530 1850
9659 9912
5802 5891
9372 4928
3427 1789
8968 4042
7659 668
7222 5940
8835 9715
7029 116
2100 4122
2904 1460
3448 1407
3112 3627
2704 5118
6752 3379
3121 5836
1122 1299
2567 4514
801 3760
9416 2099
8487 3861
6063 4746
3914 9573
5537 1851
3005 5916
735 1743
1960 9305
8130 2031
781 8991
405 7890
1207 3908
1219 5621
3477 1686
7898 1977
2349 2323
9987 3554
56 2058
9176 9154
7644 8
9200 4033
151 6172
5692 6079
9859 5611
7394 4498
2844 1338
3980 4159
1163 8020
1537 8252
779 6369
2840 3857
838 6572
8437 6488
4351 8613
23 885
703 223
7687 1620
5861 6695
1610 4689
4978 6714
4220 4000
5654 7187
9422 2981
174 2713
7626 4843
7653 5096
5615 8405
9332 4358
7432 8061
8332 1009
8601 4335
5353 2698
2705 2281
2426 3885
1313 2664
8441 6836
2439 4476
9864 7574
4188 8356
6986 8906
3084 76
3571 4552
9737 8440
2619 9326
2808 439
1795 1561
6585 5245
4319 6210
7510 8986
256 7821
3414 19
7838 1109
4055 6455
3696 9946
6442 331
7654 1349
8330 8781
502 4856
7522 5513
4828 4263
739 5097
8376 501
4223 669
1046 6395
6747 4044
7448 2645
6288 6657
5185 3561
648 1449
4161 8430
3727 4928
2189 121
6850 3975
7559 2738
5784 5185
1996 2517
9679 7741
6683 4943
2583 4995
4473 3483
5795 649
4790 3819
8482 902
5250 7451
5722 918
2692 3233
4027 8257
6223 6915
2254 7844
3701 7863
5972 4233
4434 2655
9588 2907
2621 7639
6407 8889
8754 8559
8830 2288
3388 3418
6956 4811
2817 8977
7274 2298
4696 4661
9546 9559
4946 1934
1935 4152
7855 5621
1682 6081
2179 2266
1037 8843
4874 1939
8280 8813
7693 847
6393 8140
6470 6518
9928 8088
7256 5380
4053 7386
4394 7070
9536 1486
9737 2402
4580 413
158 4600
9585 4206
9834 6931
351 6516
9062 6021
4016 8729
1346 2679
4520 4559
534 3783
2845 5802
5431 1376
2343 7776
3721 7514
2222 6445
4534 2924
4352 8113
4465 3657
701 5967
8929 699
980 5841
2754 9461
9837 3764
6279 3963
4432 4028
3841 2003
2338 2848
2977 2002
8657 5247
2776 6047
2005 8148
7023 5017
4394 7130
314 3956
2308 6354
6610 7393
3196 7403
2886 7789
9756 4313
4990 9764
922 3836
8971 7313
8829 4246
2916 9822
788 15
3973 4517
3012 4260
7056 5956
3635 977
8653 5452
133 5959
945 5783
6081 1337
9428 4244
9145 8882
892 1290
2280 3610
7782 3433
6335 2381
1700 2094
2750 2399
2132 7987
4588 873
3710 6658
3976 2720
2774 8369
7504 5459
5242 7290
9501 5780
2700 1437
2287 2433
6439 8809
243 131
939 6088
7798 2840
1633 1894
3922 1372
1097 64
5696 6210
2946 309
2741 1064
7795 8970
6134 9416
9469 8635
257 9146
1211 3898
1468 3540
5613 6836
5315 4733
69 3579
8763 423
8551 2997
9480 8360
8131 471
9854 7872
2606 3434
9469 3999
309 5149
5764 2492
8632 5536
1073 7767
954 2147
14 3023
9668 2294
4270 4694
6785 7005
279 7516
5129 2125
8358 2011
7667 8128
4722 7894
9489 1410
2650 5997
6791 2468
4976 1877
714 1161
6794 2283
8656 1975
8240 4730
6967 5667
1876 8145
9090 8569
7107 2120
6171 3537
6276 6259
5298 9561
8393 2481
209 5408
944 3100
2802 5375
777 751
8734 3082
6850 1291
4203 4851
204 2259
376 3487
7401 4744
2923 3666
3424 1837
5065 714
7710 4183
700 5014
5287 8199
5293 5192
3558 6522
9835 6366
4507 496
3425 6849
1377 237
4224 3557
9673 4529
4088 1288
822 9796
8499 7722
9416 8208
1227 3014
2529 8580
8170 641
3304 1364
4827 5099
6924 552
4183 9870
6223 7406
3914 4491
7687 9501
994 4723
2793 9295
8050 7310
9028 6146
2792 432
9812 381
9909 9169
3995 6535
9088 1504
9390 2053
9788 2093
4642 628
2021 5605
3823 1216
6167 2516
8635 6814
6448 2140
7666 2242
7636 5231
1018 5127
7551 7223
1181 1770
1418 5402
4795 9902
864 9054
1343 6373
288 7570
1638 4097
8161 431
5320 7047
5975 162
6923 365
4180 8643
7875 7701
2949 2762
3985 6395
6677 3522
9320 1690
8073 4223
7815 2087
7334 8139
1632 562
4480 4148
546 1509
7291 2767
4420 9359
8611 5692
6773 7709
5085 4947
1692 4424
1672 9534
535 4912
8691 6373
15 1679
8592 719
4220 1037
4482 1869
6995 4614
6694 1434
9805 6324
2705 339
6451 8186
290 5153
2056 316
4407 6906
4822 5023
9162 8386
8901 7957
5894 9588
7703 9267
4085 9261
2847 1182
286 9360
9203 5810
5704 8772
5419 6865
8011 5846
718 9688
1271 3975
5796 3570
7702 7098
8990 7056
4335 546
7833 2272
8523 6267
8634 1881
8671 3320
1826 9278
8409 8855
5703 3921
2598 9035
1378 7613
261 5156
2560 1463
3205 7600
2387 1915
8777 3149
5057 7502
2252 6571
8320 89
611 4759
2575 6566
965 6932
8079 3814
7843 3553
585 5383
998 729
1963 9787
4226 5602
2567 519
4126 1860
6973 8994
314 7641
3022 1276
7388 5190
8869 5007
321 9056
7230 630
4959 3545
5473 9824
6179 6227
824 9536
6133 8354
4538 23
2985 7006
5892 997
9605 1019
3556 6051
262 2807
4599 5570
1250 8906
7401 6758
6560 3444
5498 3003
9290 1658
9506 8869
2709 3057
639 9767
2784 7606
5141 6588
2946 7309
6655 642
1270 4684
7066 4354
4262 9763
651 5146
303 7861
6459 3516
5378 3213
9549 3928
6328 9125
6723 6515
9606 2051
7609 9788
9339 435
6908 7430
7560 8461
9504 6401
4106 5963
8540 612
2703 2878
2200 5125
9099 8466
3911 6174
4969 4169
9158 9429
6883 6426
1387 1206
8493 6077
1799 1199
4335 1070
3993 3843
3030 6774
5664 2020
7339 7900
649 6265
2073 915
6223 8069
2216 2747
4133 9822
916 3410
777 2947
573 4585
5845 8830
3041 2749
7028 7697
5097 8654
4376 308
9707 427
9688 5208
5531 6743
4028 1695
9911 1167
342 9268
1374 3293
1109 2729
4654 1522
70 9908
2723 8619
3404 6110
8161 944
5321 7763
8682 5322
2664 9262
2799 5764
657 805
3260 7357
6540 3290
7994 2096
4438 5549
2200 2770
7698 3918
8227 1528
6825 7577
1018 98
384 5412
4408 8238
6112 9740
7069 8470
2247 7112
2961 9811
1222 3680
9046 1152
8994 1812
9960 2317
9854 4071
5746 5830
5022 2131
297 295
8169 7522
5915 5437
2501 9487
8025 8170
265 4619
4908 9525
9435 5487
575 4247
3736 7185
2660 3416
5806 7242
1994 7474
8364 7950
4066 5755
2600 8072
5734 3240
9146 2225
3609 1577
5742 3319
9318 5770
2626 2875
8827 6719
1597 2256
7299 4702
419 4137
3944 8615
3207 6063
4817 66
8232 7844
7687 2916
5308 1766
700 6615
1924 8784
621 3286
1840 991
5754 8874
2092 9395
4631 4178
5146 3643
7766 6814
245 6553
9756 7734
6984 4305
8431 8967
2763 4315
3920 3184
9932 1331
3300 7580
3251 9946
4566 7260
3189 4508
9355 2410
7214 5810
9652 4501
8524 1001
1438 319
6472 432
4809 4642
148 331
7465 8413
3052 9781
4783 9198
6274 9339
6338 4174
8784 6041
5026 3592
4002 5850
7246 4828
9782 9672
4449 9051
8927 5199
6026 9116
4827 5048
8510 3473
7657 294
3412 2110
3288 5108
8749 1232
578 2921
8940 5521
6895 6044
5734 2473
6596 3479
6994 4211
5458 8225
4294 4642
6876 4540
4698 411
9964 6712
897 1849
4109 5445
7350 6300
1082 9682
9343 5455
6810 9917
8702 7525
3032 3727
7832 7850
8648 3352
432 1410
7926 3819
3524 6335
1463 2078
9460 4367
5266 9178
1526 4031
5188 8924
9307 9868
7674 9325
2310 5823
5379 9331
7418 3301
1925 2520
5583 2940
7544 3462
2959 2978
3044 1384
7615 903
4933 32
2556 1413
252 2862
8613 161
3798 9459
5452 7594
7209 1769
568 7803
3732 8030
9885 7551
7678 4934
2644 6023
5477 9612
2972 7146
7058 335
2813 7588
9492 5116
8297 8526
4031 9358
3523 9053
833 604
9479 6214
4507 1900
2129 2770
9266 3960
6097 6489
5459 3760
6193 313
3048 532
6216 5534
3647 8299
4018 4846
9903 1938
7510 9206
6060 2190
1415 9988
7809 3418
8126 766
2791 7820
4389 8009
8858 2428
9955 99
9657 2668
7076 9793
1160 1277
6063 3481
554 444
2052 5345
4394 4091
3903 2705
6644 902
7802 7770
3248 23
5443 9874
2126 6638
5213 5589
2916 4899
8555 4176
9720 6531
5139 875
8366 7595
954 3320
7395 4783
3665 4408
2969 3665
2696 3905
8305 2441
8508 630
8716 655
1059 5831
9627 6657
448 7162
1657 3653
1235 2007
8052 9753
1598 3614
4564 5041
8325 63
4736 2507
1609 779
6520 5364
3316 878
9582 3518
8926 6344
4309 4227
9160 7070
1993 3320
736 1738
7438 1953
950 5357
7717 7786
7450 7323
9915 3674
3339 1299
2195 9802
7006 1602
7541 7941
6256 2069
4718 8139
2424 483
3946 3991
5087 9452
4819 9938
6053 882
2901 4877
6562 1320
2840 6360
4822 6550
7909 697
1704 7647
5139 3015
5639 4914
6458 1483
8550 893
7718 263
2982 3558
5363 7430
1180 921
6250 6911
1051 9544
6235 2787
7869 6472
7555 9053
3324 42
7715 7014
9465 6382
8858 4059
8365 1972
8778 7525
3219 1620
3455 9782
8891 48
6469 6825
7556 3027
5532 1414
8905 6814
12 1611
1304 7679
861 5790
5091 1808
1164 5325
6701 8035
7706 7702
472 1479
4269 5168
3165 651
4612 9701
5951 9346
5472 5405
1186 5698
7421 7929
2626 5666
8087 2153
5089 1831
8267 9666
9290 6327
6272 9471
3364 1799
7597 1189
182 4082
3162 2386
3453 8092
6642 4997
566 9338
3873 4577
3989 2422
6536 7400
1409 716
4423 5243
6132 7653
5832 786
8994 3154
8514 8842
6797 4649
4727 4235
1941 9790
3524 5230
6099 4659
6329 7667
2206 3943
7150 5021
7240 7264
3003 4744
7937 339
8151 779
5989 2103
6059 2641
5613 7477
8377 8471
3891 4909
150 315
264 8323
9740 7219
8555 8266
9320 5659
8452 4019
8212 9087
9556 537
9887 5329
1502 754
3125 4176
5624 871
5129 6099
375 4641
6510 7154
7251 9320
4497 315
31 4896
9434 3855
6936 2173
1986 9255
4380 7715
3017 8969
8138 1266
5557 9515
3728 6546
5265 1557
420 8009
3799 761
4888 282
6325 6281
288 1513
1578 6328
6221 802
1202 3454
9748 9553
9241 9672
4150 3769
7846 2342
1027 8747
1631 4894
9110 4533
1236 5073
4442 5902
3912 3726
1758 1809
8532 40
9177 2711
4779 8367
6205 7610
7441 4034
7978 4350
9985 6134
3692 6336
6444 911
7251 6691
7743 444
2471 1728
4059 5612
776 8462
5629 4677
8309 6720
5316 2149
2346 1621
2192 3807
2624 850
3945 3395
7120 6219
3935 9347
7681 9664
5950 3415
422 6739
5849 2473
7730 5574
4102 3927
339 1916
221 7507
6174 5152
5190 8763
6078 1705
328 7927
5671 4291
3864 2121
2566 7166
6367 9398
3118 2901
2899 3060
8999 1527
1033 9113
1308 8390
3234 9115
6306 4996
690 8466
7828 8797
3187 8473
9109 3315
6598 2283
7558 4991
5960 74
5422 1347
4556 8196
8852 6528
1556 4909
3462 1036
2519 1187
8596 6937
2650 9081
8391 7857
8261 8813
9265 5849
5896 9256
4326 2834
8476 568
5714 1836
5759 6808
6615 346
3384 2188
6350 3388
8833 3163
4026 6854
7148 8436
4980 789
3273 347
266 5907
984 2508
7874 3806
1102 5165
9630 5894
7678 6821
8321 87
1252 3647
2767 1600
7055 2785
3769 9046
3098 9888
7494 3832
1881 8906
2425 3485
1262 5005
3611 8467
4411 580
6285 1510
7763 7011
8341 7575
5127 9922
8266 6968
4554 2281
8383 9072
7909 7834
7276 2637
6533 7205
4419 3689
4512 4399
2258 671
5645 8114
8316 8862
6237 9824
573 535
9141 4097
516 2629
8352 8939
3338 2329
7862 2148
4402 2011
2657 4996
7096 9298
2771 1087
8702 4548
1493 575
4445 7744
7397 6718
8458 327
5179 1674
9475 8356
583 8005
7099 140
7197 7430
8579 4538
5606 5542
2257 2723
1305 5435
75 1612
4453 2378
139 9699
7975 4416
5322 9439
1369 652
5403 7363
4756 5144
7020 7252
1423 1617
5540 2628
5548 7108
9078 566
1529 7170
4263 667
1870 7096
740 6512
2908 5674
9716 243
3968 4917
6917 1492
3196 7377
403 8136
1081 1149
5296 9004
228 8957
4629 3352
6768 2022
6087 6233
7167 9335
1579 7685
2301 8994
997 1917
5722 1438
511 637
9999 1906
3717 5260
3024 6107
8052 5204
5026 9041
5065 2176
9340 3214
4898 7700
6184 1285
3290 7297
8901 7109
4613 2151
7448 1524
7374 8617
9559 3244
3988 9315
9391 801
1492 8367
4676 4885
1994 5214
2603 3334
5431 5262
6261 6834
1780 6708
6455 4346
3484 3911
8009 7722
5357 9879
9223 1535
3518 7026
8722 8063
9820 3569
6235 2290
5736 9659
7224 1774
3534 1911
9740 1955
3853 5241
5462 4226
6804 148
6270 1241
9322 4937
7135 1443
4497 1711
3406 3612
5011 4429
202 5687
4092 8790
7981 8045
5369 2015
7160 2156
5210 2472
212 2966
9351 5130
8844 1981
6216 2038
5820 818
538 5867
4213 3824
1863 1367
6555 5893
5006 1732
8440 3795
4885 229
7354 8198
3750 7662
1118 6848
673 4619
762 8126
7007 2104
5385 2091
7386 1729
6036 3451
2230 3765
2986 9011
9388 8412
3105 4593
5957 4491
9752 734
6229 7187
4542 2781
6305 5377
6582 3530
8381 529
5864 9699
1403 4951
9977 5477
1555 6365
5051 9657
2705 4196
6538 4212
752 8613
8533 7161
4667 7529
6202 9737
5948 5550
8312 9194
4959 3777
519 323
9068 4587
8900 8049
6595 6111
5926 4892
4985 1562
7118 8040
7869 9374
9895 7835
724 3105
4462 2800
9228 4548
3948 5122
5733 8250
9928 2633
5645 1855
5497 344
5923 3659
2046 1178
4539 2015
598 2596
6155 7691
5869 5844
3595 9156
7228 2090
4996 5390
6980 3236
5025 9681
6819 713
2988 6347
5926 1579
5193 7062
3963 6496
5840 3507
768 6950
2066 9801
2069 8344
6446 5169
7625 9795
115 6349
255 7425
5090 911
8472 6457
9794 3697
8653 3489
7906 9353
5751 1672
3793 4506
9172 5801
3251 8209
3566 1082
973 9346
1068 6169
1591 7753
9087 4028
3867 5211
4547 754
8781 990
3649 6642
2988 5752
8387 1658
1587 4789
4356 130
8052 6626
2799 3270
5956 5858
6107 9286
5451 3693
8826 7687
9813 8716
7611 1642
1641 9137
4406 5138
5588 3120
1859 5395
9882 5260
4689 4160
1760 2537
8997 1788
8031 5576
5547 1921
1478 72
7976 542
5528 6126
5998 9932
821 5810
2113 6660
8417 8197
3019 9853
4467 3153
2951 8514
3319 5547
765 2460
7386 7975
2899 9642
6672 2896
9452 5480
8723 6923
2235 6118
535 3188
5969 8125
2901 5563
7735 7072
4090 9629
2814 3723
4011 5595
7090 1695
165 135
991 3857
8580 9029
412 959
2542 6908
2516 3777
1293 2214
9590 8415
8502 7717
2825 2259
8061 4863
7278 4210
5127 4108
3300 3244
8768 2206
1236 3289
4184 6996
3624 2433
4544 7680
5342 6698
4819 4289
6806 7077
9209 6259
1558 1697
8741 6688
1373 3743
989 9850
1499 6520
5239 7972
1631 9201
6557 7406
3296 7442
90 8231
1565 4091
6314 2742
9389 8038
8235 1348
4401 9313
1640 3242
8248 9627
4407 9070
1297 1601
8723 4822
5739 4980
9071 1016
4289 666
9842 4448
6893 8699
9454 4805
7684 4514
2440 3421
4316 9759
6244 4262
918 7258
5121 6470
2187 6669
411 8599
5887 6608
1571 4460
6948 449
8160 6891
6544 6160
970 7265
3194 9392
6915 3708
7822 9311
9552 7736
4359 1927
2237 2488
6485 3645
5655 5471
8675 2823
8773 2224
9522 9330
5432 9081
6818 7510
5367 3977
6955 2005
6701 188
4507 140
7870 447
5679 566
860 9732
5381 8857
2473 5285
2099 4549
7562 6947
8218 8238
3098 7152
6341 4470
8828 5927
4420 2824
1395 3391
2732 9876
4693 9046
6639 6921
3681 3626
9505 9555
4356 9688
6483 2504
119 2606
4606 8832
7892 9643
5304 2419
4250 5850
6308 2918
6419 3176
1389 3379
5437 9792
6302 8122
5624 7888
5470 5623
4180 851
7457 6548
1202 8379
5777 2651
4780 3017
4808 6660
6742 8988
933 3674
8656 5514
6509 1140
3559 2441
9032 5858
6235 5047
1941 6870
130 2560
5146 2961
6045 6955
9886 765
7550 8563
8231 3976
132 3510
1477 3095
8245 9274
324 4671
4162 6222
7644 99
3176 1604
3414 9431
7327 8359
3251 7649
1101 4491
8777 7099
4694 3443
3665 7169
4660 1334
3814 8214
7098 8040
8204 9199
4189 3969
3351 1061
9151 3261
3656 6426
2068 2633
8583 1860
2743 1251
289 4617
5323 3292
5468 8207
5459 2221
4548 8684
6408 4387
8206 4041
8199 1251
5010 2535
5481 6585
8997 9965
8298 6840
9884 4398
4810 2136
141 6332
667 84
2876 8702
9874 7987
3864 6930
5987 522
4544 6281
8381 78
2381 1415
7459 7541
2569 6915
6184 745
8420 1090
2405 5590
1528 5473
2622 8244
5010 5691
6454 6704
3410 478
6294 2631
1496 6488
2212 5766
7887 6307
6019 9590
4834 2085
882 1535
2556 9547
5093 3220
194 6815
2244 9851
9548 3927
7104 5685
6425 6514
4130 9360
5081 704
6518 6106
8083 5290
2548 5423
6897 2855
4189 5583
5430 9478
1300 268
1843 9280
5264 5327
4054 6808
1600 7169
45 6413
1439 7279
6135 6168
9852 633
2442 4252
1732 6232
1956 9775
1755 9811
6182 8894
9022 4170
6364 3567
8344 5082
4679 5195
3682 6218
2836 1403
9564 2034
3372 349
8280 7088
745 7109
7893 7061
7239 1431
9046 9699
4229 1197
9371 6197
9058 9703
3280 7578
2298 2300
3967 7502
5547 6924
5899 5593
1033 4576
6318 9539
6968 8812
1470 5899
1112 2511
1525 6967
7859 2683
3364 1403
9438 4500
9878 3137
5177 800
2092 8881
7687 6654
5161 6453
2323 5910
8037 2780
4535 8337
6888 4814
7837 6048
9947 973
9544 3888
5555 1533
1581 2025
2281 4954
1849 495
7657 3278
9700 6988
8168 592
9305 5549
497 4685
5659 5603
5576 4820
4037 8809
4974 7053
6851 1573
2890 6109
3029 2992
8519 4145
231 8793
7624 4119
2674 6093
1832 4538
9566 1374
8308 4236
8865 657
4611 9494
6890 4840
248 9303
7090 7447
3965 866
6109 3966
2439 2779
483 9315
7148 5530
990 6243
5336 8611
2863 8017
402 893
2716 662
2973 4935
1536 4498
4758 7024
7924 509
5952 1642
5015 9266
5599 2529
6796 6726
4816 6687
1564 7044
3012 9331
6534 8616
521 4968
321 6461
9622 6870
690 9992
1727 7042
9955 3105
1575 9631
2580 2133
2047 8189
8472 3699
8814 870
8111 3046
332 9634
4898 2028
7427 1162
5353 5221
5625 8002
7126 9063
654 6861
8729 9554
7262 7538
1101 7095
5666 7932
7711 4015
7262 8910
2772 6581
4858 2539
3974 5315
2530 8419
3526 489
2357 9231
8548 521
459 7538
8481 676
7934 2778
4995 6063
5076 9235
2406 499
1003 8871
1917 4690
9704 100
2526 9471
1504 2958
9424 2750
3646 6599
2285 115
5990 6336
6643 8755
5596 4598
153 219
6610 9102
4326 2461
3942 3040
9021 8887
5481 7062
2328 3091
7755 2723
6644 3463
4651 4672
1330 9032
7355 8270
8470 5444
3766 4463
2497 4921
2830 700
7333 1382
1608 7175
7399 617
9395 8181
4355 7210
194 2919
2356 7171
6547 6163
2022 4533
5710 6307
6959 8393
123 7666
9358 8117
2519 3237
4009 5221
4553 9708
6202 9371
5179 3404
4625 2242
4960 7157
2778 3616
6437 4717
7798 5207
4111 5010
331 2367
1625 6129
7166 4969
5895 7553
4935 6153
8026 3152
1597 6988
1806 6566
1971 1298
2180 7304
990 4763
852 8054
6106 5233
5350 7464
9199 6349
1472 5683
3221 7563
1728 4084
1736 3038
7315 2201
4227 1720
3384 5620
2270 5982
2333 5665
8282 562
1292 4943
3950 2104
6242 6757
9562 6961
52 4651
406 1384
6744 372
5353 6183
3486 5795
1230 5064
1262 7606
499 4974
5688 5372
3136 1113
5004 2467
9989 6280
4400 7496
6656 6593
2326 7389
468 1255
8403 2848
1458 4523
1219 9736
1891 4386
1049 6345
1626 5617
744 8312
7112 4984
4244 5677
7854 4688
9619 1357
9460 905
9745 2147
1492 6209
1231 1512
6161 1974
1502 580
782 1938
7109 1857
5987 8842
5293 2399
8093 5894
5254 3757
481 1052
3923 8813
7246 5733
1934 3614
6048 7848
350 8755
6802 9987
3091 3442
7328 514
9504 7562
6543 5587
4201 8389
5956 3533
7465 7864
6427 3077
7063 9380
6453 6861
4738 7942
8418 6411
447 3035
1941 9259
4680 8642
1835 2426
9275 662
9619 5528
4314 394
563 6070
2394 9171
6743 2105
4536 7224
8582 8720
5784 967
4899 5781
8612 5729
8517 2353
5455 2889
9913 8926
8811 4309
4272 6045
8725 1009
4027 5950
7559 8587
7234 9789
5380 2494
3247 4390
1782 2040
6400 8842
4534 9777
3335 9647
5786 2328
7904 1166
1352 8386
5890 5776
1768 9879
9590 8543
944 4569
500 7717
1500 6777
6554 4690
2550 6885
2078 5932
4759 4837
1663 6137
1051 9770
744 5589
9390 3688
2310 4195
8708 515
4145 1672
3333 9517
545 6342
1597 7613
5743 4714
4688 6534
3489 9856
9707 2279
8343 7180
3820 2492
8797 9025
5051 9659
