100
76 63
94 92
36 55
76 76
21 20
8 26
44 47
79 86
43 41
6 9
99 85
38 98
57 31
11 53
29 82
86 90
64 13
84 29
84 74
28 14
43 29
63 81
14 74
22 31
65 10
23 3
55 56
41 39
67 80
83 53
7 82
17 78
8 65
24 93
16 94
90 12
80 72
91 81
3 8
66 30
31 67
21 59
67 26
60 85
46 24
56 76
79 66
86 29
80 14
63 55
44 76
16 37
89 65
26 28
5 16
38 13
30 23
3 89
9 16
43 42
31 52
54 77
73 62
51 78
71 65
33 55
38 18
99 34
71 46
45 15
16 57
29 69
76 80
32 92
62 63
98 55
26 28
50 89
44 65
41 35
82 10
77 71
86 28
16 20
67 57
30 22
26 87
78 83
83 46
41 64
75 57
87 95
14 37
84 66
1 50
61 79
8 11
29 54
87 38
55 25
79 94
